matrixMul	 4.300	0.002	102.943	0.013	0.007	247.484	0.022	0.012	7.127	0.011	22.613	3.654	0.004	0.559	0.126	37.941	0.002	426.820
matrixMul	 4.265	0.002	102.003	0.012	0.007	247.488	0.023	0.013	7.137	0.012	22.606	3.627	0.004	0.551	0.125	38.023	0.002	425.900
matrixMul	 4.147	0.002	102.182	0.013	0.008	246.720	0.022	0.011	7.193	0.011	22.697	3.642	0.004	0.555	0.125	38.123	0.001	425.456
matrixMul	 4.172	0.002	102.272	0.012	0.008	246.546	0.022	0.012	24.175	0.012	178.357	13.649	0.004	1.568	0.144	38.124	0.001	609.080
matrixMul	 4.158	0.002	102.255	0.012	0.007	246.654	0.023	0.011	24.274	0.012	178.350	13.673	0.004	1.577	0.137	38.009	0.001	609.159
matrixMul	 4.229	0.002	102.060	0.013	0.008	247.708	0.023	0.011	24.356	0.012	178.366	13.655	0.005	1.565	0.136	38.018	0.001	610.168
matrixMul	 4.230	0.002	101.758	0.013	0.008	247.319	0.023	0.013	52.544	0.012	599.796	30.301	0.004	3.248	0.151	38.063	0.002	1077.487
matrixMul	 4.236	0.002	101.700	0.012	0.007	246.993	0.024	0.012	52.665	0.011	599.792	30.372	0.004	3.232	0.152	38.037	0.002	1077.253
matrixMul	 4.197	0.002	102.061	0.012	0.008	245.964	0.034	0.013	53.170	0.012	599.798	30.359	0.004	3.267	0.147	38.074	0.001	1077.123
matrixMul	 4.183	0.002	101.989	0.012	0.008	246.257	0.024	0.012	93.191	0.012	1461.997	53.904	0.004	5.581	0.162	38.073	0.001	2005.412
matrixMul	 4.194	0.002	102.093	0.013	0.008	246.411	0.022	0.011	92.581	0.012	1462.002	53.652	0.004	5.579	0.163	38.156	0.001	2004.904
matrixMul	 4.170	0.002	105.898	0.013	0.008	248.081	0.024	0.012	93.099	0.012	1462.009	54.756	0.005	5.562	0.172	38.183	0.001	2012.007
matrixMul	 4.216	0.002	101.904	0.012	0.007	246.823	0.024	0.012	143.673	0.012	2780.094	83.599	0.004	8.595	0.178	38.220	0.002	3407.377
matrixMul	 4.241	0.001	102.103	0.012	0.008	246.814	0.022	0.011	144.552	0.012	2780.048	83.934	0.004	8.602	0.178	38.306	0.001	3408.849
matrixMul	 4.175	0.001	101.732	0.012	0.007	246.315	0.022	0.012	142.886	0.011	2779.962	82.966	0.005	8.591	0.180	38.196	0.001	3405.074
matrixMul	 4.241	0.002	106.529	0.013	0.007	246.861	0.022	0.012	208.173	0.012	4804.977	119.209	0.004	12.254	0.184	38.167	0.002	5540.669
matrixMul	 4.225	0.002	102.190	0.013	0.007	246.547	0.024	0.011	205.601	0.012	4804.970	119.777	0.004	12.268	0.181	38.133	0.002	5533.967
matrixMul	 4.196	0.002	101.671	0.014	0.008	246.879	0.023	0.012	205.628	0.012	4804.992	119.794	0.005	12.219	0.184	38.185	0.001	5533.825
matrixMul	 4.222	0.002	101.980	0.013	0.007	246.418	0.023	0.013	277.821	0.011	7592.548	162.606	0.005	16.615	0.192	38.167	0.002	8440.645
matrixMul	 4.231	0.001	101.997	0.020	0.007	247.008	0.024	0.011	280.236	0.013	7592.933	162.257	0.005	16.653	0.192	38.109	0.002	8443.699
matrixMul	 4.207	0.002	105.771	0.012	0.008	246.967	0.022	0.011	278.356	0.011	7592.704	162.668	0.005	16.639	0.181	38.541	0.001	8446.106
nbody	 4.162	0.002	102.012	0.013	0.016	548.134	0.011	0.019	0.733	0.009	28.020	0.747	0.007	0.166	0.000	0.053	0.001	684.105
nbody	 4.189	0.003	101.666	0.017	0.014	549.741	0.011	0.018	0.704	0.010	27.719	0.722	0.008	0.184	0.000	0.050	0.001	685.057
nbody	 4.172	0.002	102.156	0.013	0.015	548.775	0.010	0.017	0.758	0.008	27.867	0.727	0.008	0.164	0.000	0.053	0.001	684.746
nbody	 4.142	0.004	102.225	0.013	0.015	551.721	0.011	0.019	0.824	0.009	57.226	0.865	0.007	0.229	0.000	0.049	0.001	717.360
nbody	 4.177	0.002	105.910	0.013	0.016	552.031	0.012	0.024	0.846	0.009	57.331	0.851	0.008	0.237	0.000	0.049	0.002	721.518
nbody	 4.146	0.003	101.838	0.014	0.015	551.153	0.011	0.025	0.834	0.009	57.346	0.964	0.008	0.231	0.000	0.050	0.001	716.648
nbody	 4.167	0.002	102.049	0.013	0.014	548.664	0.011	0.018	0.921	0.009	97.519	1.135	0.009	0.234	0.000	0.050	0.002	754.817
nbody	 4.163	0.003	101.828	0.014	0.015	547.893	0.011	0.018	0.965	0.008	97.384	1.130	0.008	0.258	0.000	0.049	0.001	753.748
nbody	 4.186	0.003	106.022	0.013	0.016	549.874	0.011	0.018	0.960	0.009	97.556	1.027	0.008	0.229	0.000	0.049	0.001	759.982
nbody	 4.157	0.002	102.339	0.013	0.015	552.435	0.011	0.018	1.160	0.009	148.477	1.261	0.008	0.370	0.000	0.051	0.001	810.327
nbody	 4.175	0.003	101.988	0.013	0.016	553.661	0.013	0.018	1.132	0.010	148.359	1.202	0.008	0.386	0.000	0.049	0.001	811.034
nbody	 4.165	0.002	101.823	0.014	0.016	551.022	0.011	0.018	1.147	0.010	148.418	1.238	0.007	0.366	0.000	0.050	0.001	808.308
nbody	 4.156	0.003	102.111	0.013	0.016	549.251	0.012	0.017	1.310	0.011	209.510	1.298	0.008	0.375	0.000	0.049	0.001	868.141
nbody	 4.183	0.003	102.175	0.013	0.016	548.528	0.012	0.019	1.326	0.014	209.419	1.393	0.008	0.355	0.000	0.052	0.001	867.517
nbody	 4.171	0.003	106.787	0.014	0.016	549.365	0.011	0.018	1.273	0.011	209.443	1.344	0.008	0.364	0.000	0.049	0.001	872.878
nbody	 4.146	0.003	106.085	0.014	0.015	553.506	0.012	0.018	1.428	0.011	281.519	1.499	0.008	0.365	0.000	0.049	0.001	948.679
nbody	 4.212	0.002	102.333	0.013	0.029	553.754	0.012	0.019	1.519	0.010	281.583	1.628	0.008	0.366	0.000	0.050	0.001	945.539
nbody	 4.150	0.002	102.028	0.013	0.015	553.260	0.012	0.018	1.368	0.011	281.587	1.472	0.008	0.386	0.000	0.049	0.001	944.380
nbody	 4.201	0.002	102.153	0.013	0.015	549.776	0.013	0.018	1.552	0.011	385.416	1.667	0.008	0.366	0.000	0.050	0.002	1045.263
nbody	 4.141	0.003	102.263	0.013	0.016	547.042	0.012	0.018	1.626	0.010	385.317	1.655	0.009	0.373	0.000	0.050	0.001	1042.549
nbody	 4.175	0.003	101.945	0.013	0.016	547.622	0.011	0.018	1.592	0.010	385.355	1.661	0.008	0.367	0.000	0.049	0.002	1042.847
SW	 4.221	0.002	102.035	0.012	0.009	255.667	0.017	0.014	5.921	0.723	140.388	0.532	0.004	11.859	0.165	0.001	38.604	560.174
SW	 4.225	0.003	102.337	0.013	0.007	255.921	0.016	0.013	5.924	0.734	140.155	0.384	0.004	11.793	0.165	0.001	38.101	559.796
SW	 4.170	0.002	102.022	0.020	0.008	256.497	0.017	0.016	6.146	0.762	149.630	0.380	0.003	11.829	0.165	0.002	38.122	569.791
SW	 4.195	0.002	102.198	0.013	0.008	255.807	0.017	0.014	14.771	1.525	409.793	0.603	0.005	11.829	0.188	0.049	38.162	839.179
SW	 4.197	0.002	102.042	0.012	0.008	255.418	0.017	0.015	14.690	1.603	279.802	0.525	0.005	11.913	0.166	0.002	38.081	708.498
SW	 4.268	0.002	101.976	0.014	0.008	256.588	0.017	0.014	15.178	1.411	524.147	0.597	0.004	11.801	0.167	0.049	37.947	954.188
SW	 4.242	0.002	102.354	0.013	0.008	255.733	0.017	0.015	29.260	2.145	677.312	0.591	0.004	11.807	0.166	0.001	38.125	1121.795
SW	 4.288	0.002	102.097	0.013	0.009	255.966	0.017	0.015	29.476	2.091	751.066	0.585	0.005	11.856	0.167	0.001	38.530	1196.184
SW	 4.242	0.002	106.076	0.012	0.008	256.281	0.017	0.014	29.732	2.234	745.069	0.554	0.004	11.870	0.299	0.049	38.593	1195.056
SW	 4.204	0.002	102.217	0.019	0.008	256.213	0.017	0.015	49.734	2.641	1021.858	0.574	0.005	11.854	0.166	0.001	38.614	1488.142
SW	 4.283	0.003	102.095	0.013	0.008	256.615	0.017	0.015	49.460	2.772	947.714	0.577	0.006	11.799	0.178	0.001	38.131	1413.687
SW	 4.274	0.002	102.112	0.013	0.008	256.673	0.017	0.014	49.715	2.917	960.548	0.579	0.010	11.777	0.168	0.002	38.196	1427.025
SW	 4.247	0.002	102.434	0.014	0.007	256.680	0.018	0.014	76.482	3.459	1177.266	0.598	0.005	11.847	0.171	0.002	38.542	1671.788
SW	 4.293	0.002	102.121	0.013	0.008	256.053	0.017	0.015	76.732	3.848	1179.625	0.596	0.004	11.895	0.166	0.001	38.152	1673.541
SW	 4.314	0.002	102.114	0.013	0.008	256.789	0.017	0.014	77.241	3.522	1178.513	0.573	0.005	11.849	0.166	0.002	38.297	1673.439
SW	 4.292	0.002	102.274	0.013	0.008	256.188	0.017	0.015	108.883	4.436	1418.473	0.595	0.004	11.817	0.167	0.001	38.316	1945.501
SW	 4.280	0.002	102.208	0.012	0.008	256.280	0.017	0.014	109.090	4.233	1441.174	0.571	0.005	11.858	0.166	0.002	38.239	1968.159
SW	 4.274	0.002	106.088	0.012	0.008	255.865	0.016	0.014	109.043	4.698	1401.517	0.558	0.005	11.849	0.168	0.002	38.202	1932.321
SW	 4.319	0.002	102.190	0.013	0.007	256.651	0.017	0.014	147.183	4.873	1677.393	0.592	0.005	11.811	0.172	0.001	38.194	2243.437
SW	 4.330	0.002	106.391	0.013	0.008	257.294	0.017	0.015	147.741	4.964	1672.656	0.588	0.006	11.863	0.173	0.001	38.527	2244.589
SW	 4.279	0.002	106.466	0.013	0.008	257.134	0.017	0.015	147.106	5.141	1727.856	0.548	0.005	11.857	0.167	0.001	38.181	2298.796
matrixTran	 4.289	0.001	106.431	0.012	0.010	254.298	0.020	0.012	4.061	0.008	1.054	7.080	0.004	0.532	0.289	0.050	38.149	416.300
matrixTran	 4.139	0.002	106.385	0.020	0.010	254.509	0.019	0.012	4.166	0.008	0.902	7.067	0.005	0.532	0.290	0.049	38.436	416.551
matrixTran	 4.134	0.002	102.204	0.012	0.009	254.909	0.018	0.011	4.126	0.007	1.034	7.120	0.004	0.541	0.291	0.049	38.245	412.716
matrixTran	 4.159	0.001	101.986	0.012	0.012	254.299	0.019	0.013	13.020	0.010	2.053	25.693	0.005	1.194	0.290	0.049	38.061	440.876
matrixTran	 4.120	0.002	102.356	0.013	0.013	253.973	0.020	0.013	13.032	0.009	2.099	26.079	0.005	1.215	0.283	0.051	38.169	441.452
matrixTran	 4.164	0.001	102.113	0.013	0.019	254.533	0.019	0.012	12.981	0.008	1.976	25.644	0.005	1.189	0.291	0.049	38.062	441.079
matrixTran	 4.158	0.002	102.215	0.013	0.012	254.942	0.020	0.013	27.550	0.010	4.882	56.099	0.005	2.352	0.292	0.050	38.183	490.798
matrixTran	 4.109	0.002	102.174	0.014	0.011	253.478	0.020	0.012	27.644	0.009	4.927	56.516	0.005	2.322	0.284	0.048	38.125	489.700
matrixTran	 4.144	0.002	102.395	0.014	0.013	254.111	0.020	0.013	27.644	0.015	4.858	56.606	0.005	2.332	0.302	0.050	38.511	491.035
matrixTran	 4.109	0.001	102.482	0.013	0.013	255.161	0.037	0.013	47.549	0.009	5.515	100.118	0.004	3.901	0.291	0.053	38.386	557.655
matrixTran	 4.101	0.001	102.235	0.013	0.013	253.492	0.020	0.013	47.427	0.010	5.571	99.037	0.003	3.904	0.290	0.049	38.223	554.402
matrixTran	 4.166	0.002	102.181	0.013	0.025	253.711	0.020	0.013	47.546	0.008	5.585	98.905	0.005	3.901	0.301	0.055	38.567	555.004
matrixTran	 4.127	0.002	102.080	0.012	0.012	253.891	0.021	0.013	73.215	0.009	10.350	154.156	0.005	5.882	0.293	0.049	38.304	642.421
matrixTran	 4.147	0.002	107.017	0.013	0.013	254.828	0.018	0.012	73.911	0.010	10.448	155.309	0.005	5.923	0.295	0.050	38.239	650.240
matrixTran	 4.126	0.001	102.461	0.013	0.014	253.182	0.019	0.013	74.167	0.009	10.291	154.774	0.004	5.911	0.302	0.050	38.346	643.683
matrixTran	 4.155	0.003	102.960	0.013	0.012	254.321	0.020	0.014	105.785	0.010	17.534	221.766	0.005	8.347	0.311	0.063	38.521	753.840
matrixTran	 4.194	0.002	102.400	0.012	0.013	253.801	0.019	0.014	105.614	0.010	17.474	221.905	0.005	8.349	0.314	0.049	38.179	752.354
matrixTran	 4.155	0.002	102.214	0.012	0.012	253.198	0.022	0.013	105.489	0.010	17.564	224.243	0.005	8.372	0.296	0.051	38.149	753.807
matrixTran	 4.139	0.002	102.343	0.013	0.013	256.181	0.022	0.012	144.144	0.010	18.001	302.603	0.005	11.220	0.313	0.049	38.281	877.351
matrixTran	 4.147	0.002	102.267	0.013	0.013	254.118	0.020	0.013	143.356	0.009	17.792	304.713	0.004	11.258	0.314	0.056	38.251	876.346
matrixTran	 4.118	0.002	102.071	0.012	0.013	253.926	0.020	0.013	142.658	0.010	17.858	302.126	0.005	11.234	0.311	0.049	38.655	873.081
matrixMul	 342.227	0.260	102.632	0.036	0.042	242.359	0.064	0.033	25.851	0.009	23.458	14.559	0.017	0.632	0.137	38.534	0.008	790.858
matrixMul	 343.103	0.263	101.579	0.036	0.041	243.679	0.066	0.029	26.009	0.009	23.542	14.440	0.018	0.620	0.137	38.097	0.010	791.678
matrixMul	 347.774	0.264	106.376	0.033	0.041	242.980	0.063	0.029	26.083	0.009	23.551	14.504	0.019	0.620	0.137	38.750	0.010	801.243
matrixMul	 344.517	0.260	106.361	0.047	0.047	242.781	0.063	0.025	97.019	0.010	181.278	56.956	0.018	1.651	0.137	38.452	0.010	1069.632
matrixMul	 347.409	0.245	102.182	0.038	0.040	245.198	0.066	0.028	96.851	0.010	181.263	57.020	0.018	1.627	0.135	38.292	0.009	1070.431
matrixMul	 348.185	0.266	106.436	0.037	0.040	246.102	0.066	0.029	96.884	0.010	181.226	57.059	0.018	1.633	0.137	38.304	0.009	1076.441
matrixMul	 347.632	0.258	101.743	0.036	0.042	243.936	0.065	0.026	222.183	0.010	606.305	130.548	0.019	3.295	0.144	38.208	0.010	1694.460
matrixMul	 344.744	0.254	101.919	0.036	0.039	245.037	0.066	0.026	225.132	0.011	606.273	131.376	0.018	3.319	0.138	38.392	0.010	1696.790
matrixMul	 347.127	0.261	106.262	0.036	0.042	243.219	0.069	0.030	225.952	0.011	606.225	131.632	0.042	3.301	0.138	38.365	0.010	1702.722
matrixMul	 341.810	0.206	106.117	0.036	0.043	244.247	0.071	0.030	400.995	0.012	1473.479	231.463	0.019	5.641	0.147	38.219	0.010	2842.545
matrixMul	 342.241	0.267	102.209	0.037	0.042	244.653	0.076	0.029	401.928	0.013	1473.517	232.175	0.022	5.658	0.149	38.443	0.010	2841.469
matrixMul	 349.449	0.264	106.377	0.037	0.042	246.125	0.077	0.029	401.154	0.014	1473.439	233.357	0.021	5.621	0.152	38.803	0.010	2854.971
matrixMul	 345.535	0.263	106.149	0.035	0.057	245.840	0.070	0.030	620.806	0.016	2797.821	361.088	0.021	8.640	0.168	38.762	0.010	4525.311
matrixMul	 344.022	0.281	106.652	0.042	0.041	244.842	0.071	0.030	621.552	0.021	2797.747	358.519	0.022	8.651	0.149	38.836	0.010	4521.488
matrixMul	 345.474	0.225	101.935	0.036	0.040	242.052	0.080	0.029	614.211	0.015	2798.002	352.572	0.021	8.641	0.153	38.277	0.010	4501.773
matrixMul	 345.179	0.248	106.496	0.035	0.051	243.767	0.074	0.045	867.338	0.015	4830.810	510.823	0.023	12.349	0.149	38.564	0.010	6955.976
matrixMul	 432.767	0.273	106.040	0.034	0.040	243.364	0.071	0.029	860.589	0.016	4830.694	509.288	0.023	12.333	0.149	38.391	0.010	7034.111
matrixMul	 347.595	0.254	101.890	0.036	0.040	243.429	0.070	0.030	865.772	0.017	4830.805	513.396	0.032	12.404	0.150	38.370	0.010	6954.300
matrixMul	 346.954	0.250	106.736	0.036	0.040	243.227	0.074	0.030	1213.102	0.016	7628.230	704.333	0.024	16.900	0.157	38.529	0.010	10298.648
matrixMul	 346.442	0.207	106.183	0.037	0.043	242.790	0.081	0.033	1210.688	0.017	7627.113	700.936	0.025	16.646	0.150	38.714	0.015	10290.120
matrixMul	 344.528	0.211	106.154	0.037	0.042	242.471	0.066	0.027	1206.567	0.022	7627.958	700.181	0.025	16.766	0.151	38.356	0.011	10283.573
nbody	 341.792	0.042	106.335	0.037	0.096	541.062	0.043	0.064	1.612	0.008	18.652	0.000	0.020	0.227	0.000	0.057	0.008	1010.055
nbody	 345.242	0.040	101.972	0.034	0.091	537.645	0.050	0.067	1.603	0.007	18.637	0.000	0.020	0.246	0.000	0.056	0.007	1005.717
nbody	 344.191	0.043	106.136	0.037	0.102	542.299	0.044	0.060	1.623	0.006	18.685	0.000	0.019	0.232	0.000	0.056	0.007	1013.540
nbody	 343.691	0.135	102.832	0.037	0.084	537.421	0.045	0.063	1.854	0.008	38.335	0.000	0.019	0.272	0.000	0.056	0.007	1024.859
nbody	 344.661	0.041	102.554	0.039	0.083	541.384	0.046	0.073	1.909	0.008	38.372	0.000	0.025	0.270	0.000	0.058	0.007	1029.530
nbody	 343.437	0.043	102.587	0.037	0.084	544.233	0.047	0.067	1.850	0.008	38.308	0.000	0.029	0.267	0.000	0.055	0.007	1031.059
nbody	 343.771	0.044	106.777	0.036	0.086	542.281	0.045	0.066	2.191	0.007	65.055	0.000	0.022	0.268	0.000	0.055	0.007	1060.711
nbody	 348.105	0.042	102.278	0.033	0.083	538.744	0.046	0.062	2.384	0.007	65.163	0.000	0.019	0.294	0.000	0.055	0.008	1057.323
nbody	 348.219	0.042	106.817	0.033	0.081	538.524	0.047	0.069	2.226	0.008	65.047	0.000	0.019	0.292	0.000	0.055	0.007	1061.486
nbody	 347.410	0.101	106.663	0.036	0.084	541.170	0.046	0.062	2.614	0.006	99.075	0.000	0.019	0.420	0.000	0.057	0.007	1097.770
nbody	 350.855	0.055	106.348	0.037	0.085	539.803	0.047	0.063	2.595	0.007	99.002	0.000	0.019	0.412	0.000	0.062	0.008	1099.398
nbody	 346.290	0.041	102.634	0.038	0.084	538.711	0.044	0.062	2.561	0.007	99.104	0.000	0.021	0.393	0.000	0.056	0.007	1090.053
nbody	 345.638	0.061	102.697	0.036	0.084	541.767	0.045	0.063	2.955	0.007	139.783	0.000	0.020	0.422	0.000	0.055	0.007	1133.640
nbody	 344.574	0.042	106.928	0.036	0.085	540.808	0.047	0.071	2.955	0.006	139.684	0.000	0.023	0.397	0.000	0.058	0.007	1135.721
nbody	 341.741	0.041	102.685	0.036	0.084	540.386	0.047	0.063	2.936	0.007	139.712	0.000	0.023	0.397	0.000	0.056	0.008	1128.222
nbody	 341.340	0.048	106.739	0.037	0.087	539.770	0.046	0.064	3.300	0.008	187.864	0.000	0.019	0.404	0.000	0.056	0.007	1179.789
nbody	 343.690	0.064	106.695	0.036	0.088	542.600	0.046	0.063	3.301	0.007	187.836	0.000	0.019	0.424	0.000	0.060	0.007	1184.936
nbody	 347.614	0.065	106.975	0.052	0.097	540.325	0.048	0.063	3.212	0.008	187.842	0.000	0.019	0.396	0.000	0.059	0.008	1186.783
nbody	 350.895	0.042	102.366	0.036	0.101	539.017	0.057	0.062	3.636	0.007	256.955	0.000	0.019	0.419	0.000	0.058	0.008	1253.678
nbody	 345.104	0.043	106.345	0.036	0.085	539.837	0.047	0.063	3.571	0.007	256.945	0.000	0.034	0.395	0.000	0.061	0.008	1252.581
nbody	 341.914	0.052	106.926	0.037	0.088	541.532	0.046	0.068	3.583	0.008	257.085	0.000	0.019	0.397	0.000	0.056	0.007	1251.818
SW	 341.035	0.250	102.604	0.040	0.043	254.089	0.084	0.058	12.231	0.724	268.270	0.538	0.018	12.378	0.205	0.055	38.468	1031.090
SW	 344.241	0.207	101.981	0.036	0.044	252.955	0.079	0.049	12.068	0.677	259.522	0.697	0.019	12.439	0.180	0.063	38.269	1023.526
SW	 340.794	0.280	106.686	0.038	0.044	253.177	0.092	0.058	12.290	0.743	271.837	0.676	0.019	12.455	0.171	0.055	38.915	1038.330
SW	 340.208	0.258	102.485	0.042	0.044	251.727	0.089	0.057	51.178	1.412	586.621	0.790	0.020	13.546	0.175	0.072	38.466	1387.190
SW	 343.582	0.269	106.578	0.037	0.043	254.011	0.084	0.058	50.977	1.418	577.785	0.786	0.020	13.505	0.177	0.056	38.494	1387.880
SW	 346.101	0.272	102.699	0.035	0.044	257.123	0.079	0.051	51.093	1.483	575.950	0.798	0.020	13.542	0.175	0.056	38.467	1387.988
SW	 344.353	0.249	106.758	0.035	0.045	255.060	0.083	0.057	110.173	2.272	924.484	0.680	0.020	15.433	0.177	0.057	38.572	1798.508
SW	 342.221	0.268	106.905	0.036	0.044	254.881	0.089	0.080	110.225	2.115	887.112	0.757	0.021	15.426	0.175	0.060	38.562	1758.977
SW	 347.446	0.258	106.229	0.037	0.044	253.630	0.103	0.059	109.514	2.097	931.623	0.711	0.022	15.306	0.174	0.056	38.366	1805.675
SW	 345.340	0.262	102.765	0.036	0.048	252.623	0.084	0.057	192.206	2.687	1179.038	0.726	0.036	18.051	0.173	0.055	38.802	2132.989
SW	 346.055	0.254	106.265	0.034	0.043	251.333	0.080	0.048	191.430	2.696	1285.262	0.768	0.021	18.295	0.183	0.057	39.122	2241.946
SW	 346.938	0.283	102.406	0.036	0.043	253.255	0.093	0.050	227.718	2.739	1152.902	0.720	0.020	17.978	0.180	0.056	38.791	2144.208
SW	 347.399	0.254	102.571	0.042	0.043	253.654	0.093	0.049	346.981	3.314	1426.278	0.704	0.025	20.899	0.173	0.057	38.810	2541.346
SW	 347.572	0.248	102.275	0.032	0.043	253.836	0.079	0.051	343.735	3.491	1473.158	0.670	0.024	20.924	0.170	0.056	38.861	2585.225
SW	 343.070	0.279	106.499	0.034	0.042	253.353	0.079	0.047	312.633	3.766	1466.709	0.747	0.022	23.275	0.196	0.059	47.060	2557.870
SW	 347.566	0.265	299.611	0.046	0.047	254.972	0.091	0.067	487.001	4.255	1549.151	0.804	0.022	29.079	0.183	0.064	44.989	3018.213
SW	 351.841	0.254	297.027	0.047	0.045	256.083	0.114	0.067	494.789	4.349	1551.657	0.785	0.020	25.939	0.186	0.058	45.745	3029.006
SW	 343.185	0.271	106.768	0.036	0.043	253.093	0.078	0.050	492.627	4.136	1699.460	0.691	0.025	25.111	0.179	0.056	39.328	2965.137
SW	 344.075	0.273	106.648	0.033	0.054	251.024	0.080	0.047	678.502	4.694	2020.811	0.728	0.021	29.638	0.174	0.056	39.705	3476.563
SW	 346.707	0.268	107.027	0.032	0.041	253.294	0.081	0.046	687.474	4.978	2038.475	0.725	0.021	29.647	0.183	0.057	39.864	3508.920
SW	 350.748	0.251	102.555	0.036	0.044	253.145	0.092	0.048	682.804	5.235	2019.847	0.716	0.021	29.820	0.177	0.056	39.454	3485.049
matrixTran	 344.816	0.256	106.622	0.021	0.049	252.528	0.047	0.038	14.785	0.006	2.092	17.128	0.029	1.725	0.239	0.059	38.749	779.189
matrixTran	 347.385	0.274	106.710	0.021	0.051	250.300	0.053	0.039	14.779	0.009	1.961	16.868	0.019	1.758	0.242	0.058	38.733	779.260
matrixTran	 344.192	0.267	102.588	0.020	0.051	251.602	0.051	0.037	14.749	0.006	2.112	16.960	0.019	1.706	0.239	0.059	38.794	773.452
matrixTran	 345.641	0.268	106.893	0.023	0.060	251.171	0.058	0.045	50.361	0.009	5.408	62.159	0.025	5.015	0.279	0.061	47.035	874.511
matrixTran	 346.204	0.265	297.116	0.021	0.075	255.908	0.065	0.055	55.516	0.012	5.238	62.428	0.022	4.293	0.251	0.060	45.145	1072.674
matrixTran	 350.724	0.275	294.282	0.022	0.066	254.633	0.063	0.043	55.338	0.010	5.207	62.453	0.024	4.281	0.251	0.060	44.967	1072.699
matrixTran	 345.105	0.277	300.512	0.023	0.087	255.522	0.064	0.041	128.335	0.009	11.595	137.534	0.023	8.794	0.256	0.064	45.206	1233.447
matrixTran	 348.894	0.274	298.760	0.022	0.064	253.457	0.061	0.042	122.930	0.011	11.489	137.021	0.023	8.877	0.278	0.059	45.193	1227.455
matrixTran	 345.656	0.293	294.380	0.023	0.062	253.874	0.056	0.045	122.832	0.010	11.575	136.833	0.022	8.832	0.288	0.060	45.101	1219.942
matrixTran	 343.733	0.291	292.818	0.023	0.066	254.815	0.061	0.042	220.724	0.010	17.417	242.948	0.031	15.642	0.263	0.061	45.375	1434.320
matrixTran	 348.131	0.288	292.492	0.023	0.062	252.686	0.064	0.043	221.483	0.011	17.518	247.078	0.022	15.588	0.259	0.060	45.275	1441.083
matrixTran	 341.435	0.248	291.043	0.022	0.062	253.963	0.060	0.043	223.245	0.009	17.423	247.629	0.022	15.544	0.254	0.059	45.536	1436.597
matrixTran	 346.710	0.239	102.746	0.020	0.067	250.934	0.053	0.046	303.501	0.011	28.088	395.752	0.023	23.382	0.273	0.060	38.749	1490.654
matrixTran	 347.992	0.268	102.338	0.020	0.066	249.738	0.051	0.041	301.754	0.010	28.107	393.062	0.022	23.270	0.270	0.062	38.282	1485.353
matrixTran	 343.439	0.287	102.131	0.021	0.068	251.237	0.056	0.040	301.817	0.010	28.183	392.967	0.044	23.303	0.253	0.070	38.262	1482.188
matrixTran	 346.460	0.277	102.680	0.020	0.062	252.096	0.054	0.046	438.577	0.011	43.180	570.480	0.022	33.634	0.268	0.062	38.416	1826.345
matrixTran	 341.985	0.288	106.875	0.021	0.062	250.392	0.054	0.049	437.016	0.011	43.267	566.373	0.032	33.720	0.261	0.059	38.534	1818.999
matrixTran	 346.555	0.260	102.140	0.020	0.065	250.020	0.053	0.041	433.984	0.011	42.988	564.899	0.024	33.587	0.265	0.071	38.288	1813.271
matrixTran	 348.772	0.279	102.530	0.020	0.069	250.883	0.055	0.041	577.617	0.013	52.352	759.596	0.024	45.418	0.268	0.060	38.879	2176.876
matrixTran	 344.568	0.257	102.504	0.021	0.063	249.257	0.074	0.040	572.377	0.012	52.441	760.304	0.022	45.472	0.260	0.059	38.531	2166.262
matrixTran	 346.903	0.277	102.605	0.020	0.063	251.336	0.053	0.042	570.291	0.013	52.335	763.141	0.022	45.452	0.267	0.060	38.432	2171.312
nbody	 345.863	0.077	107.350	0.036	0.089	541.228	0.045	0.063	1.599	0.009	27.886	1.363	0.021	0.219	0.000	0.056	0.007	1025.911
nbody	 345.492	0.049	106.618	0.031	0.079	540.394	0.044	0.060	1.605	0.010	27.888	1.413	0.021	0.229	0.000	0.057	0.007	1023.997
nbody	 343.564	0.041	102.755	0.034	0.083	540.024	0.040	0.058	1.580	0.010	28.006	1.059	0.020	0.215	0.000	0.057	0.008	1017.554
nbody	 343.814	0.047	102.874	0.036	0.083	536.626	0.044	0.062	1.857	0.008	57.439	1.726	0.021	0.311	0.000	0.056	0.007	1045.011
nbody	 344.041	0.043	106.674	0.044	0.089	543.583	0.046	0.058	1.840	0.010	57.438	1.500	0.021	0.266	0.000	0.056	0.007	1055.716
nbody	 342.865	0.041	102.479	0.037	0.084	540.743	0.057	0.059	1.885	0.009	57.391	1.818	0.021	0.279	0.000	0.056	0.008	1047.832
nbody	 345.449	0.048	102.877	0.036	0.086	540.132	0.055	0.062	2.211	0.008	97.680	2.089	0.022	0.300	0.000	0.056	0.008	1091.119
nbody	 347.016	0.051	107.005	0.036	0.085	537.821	0.045	0.062	2.222	0.010	97.630	1.657	0.025	0.286	0.000	0.056	0.008	1094.015
nbody	 346.490	0.051	107.017	0.037	0.085	541.086	0.047	0.074	2.208	0.008	97.569	1.745	0.021	0.279	0.000	0.056	0.007	1096.780
nbody	 350.328	0.042	102.280	0.036	0.087	536.436	0.045	0.063	2.581	0.010	148.480	1.982	0.022	0.396	0.000	0.064	0.008	1142.860
nbody	 341.345	0.050	106.916	0.035	0.084	541.263	0.052	0.066	2.559	0.024	148.507	1.940	0.022	0.430	0.000	0.058	0.008	1143.359
nbody	 341.345	0.050	106.916	0.035	0.084	541.263	0.052	0.066	2.559	0.024	148.507	1.940	0.022	0.430	0.000	0.058	0.008	1143.359
nbody	 343.880	0.055	103.094	0.037	0.084	536.967	0.046	0.061	2.952	0.008	209.516	2.115	0.024	0.393	0.000	0.057	0.007	1199.296
nbody	 414.032	0.079	106.909	0.037	0.090	542.753	0.047	0.060	2.920	0.008	209.516	2.244	0.022	0.395	0.000	0.093	0.008	1279.213
nbody	 349.261	0.044	103.212	0.037	0.084	540.131	0.048	0.063	2.897	0.008	209.506	2.209	0.025	0.409	0.000	0.060	0.008	1208.002
nbody	 346.874	0.040	103.144	0.037	0.096	538.239	0.043	0.064	3.253	0.010	281.633	3.166	0.024	0.402	0.000	0.056	0.008	1277.089
nbody	 350.675	0.052	107.253	0.037	0.105	539.734	0.049	0.072	3.247	0.008	281.672	3.369	0.029	0.424	0.000	0.057	0.007	1286.790
nbody	 342.928	0.045	107.065	0.037	0.090	535.566	0.051	0.065	3.279	0.008	281.617	2.492	0.023	0.426	0.000	0.071	0.007	1273.770
nbody	 346.336	0.043	102.492	0.037	0.085	535.815	0.049	0.069	3.596	0.009	385.402	2.728	0.023	0.402	0.000	0.057	0.008	1377.151
nbody	 342.671	0.048	103.126	0.041	0.091	537.297	0.051	0.059	3.505	0.010	385.482	2.740	0.023	0.411	0.000	0.057	0.008	1375.620
nbody	 345.493	0.044	102.374	0.037	0.084	538.489	0.048	0.063	3.650	0.008	385.346	2.818	0.043	0.418	0.000	0.057	0.008	1378.980
matrixTran	 345.027	0.259	103.533	0.021	0.050	249.272	0.049	0.039	12.757	0.008	1.910	17.618	0.019	1.443	0.266	0.056	38.322	770.649
matrixTran	 342.844	0.274	102.841	0.021	0.052	250.864	0.050	0.059	12.726	0.008	1.898	17.585	0.023	1.500	0.243	0.056	38.432	769.476
matrixTran	 342.324	0.274	102.645	0.020	0.049	252.278	0.051	0.039	12.677	0.008	1.920	17.629	0.019	1.428	0.239	0.062	38.447	770.109
matrixTran	 344.292	0.301	106.696	0.021	0.060	251.941	0.052	0.040	48.333	0.009	4.969	65.236	0.022	4.192	0.242	0.059	38.747	865.212
matrixTran	 345.345	0.286	106.996	0.021	0.085	249.908	0.051	0.054	48.394	0.010	5.061	65.171	0.021	4.191	0.251	0.064	38.535	864.444
matrixTran	 347.789	0.274	106.825	0.020	0.061	252.745	0.057	0.044	48.375	0.010	4.936	65.055	0.021	4.183	0.250	0.075	38.399	869.119
matrixTran	 350.293	0.269	102.148	0.020	0.062	251.122	0.052	0.044	108.181	0.010	11.356	143.968	0.023	8.617	0.253	0.059	38.390	1014.867
matrixTran	 348.918	0.260	102.724	0.020	0.062	249.481	0.051	0.044	108.282	0.010	11.320	144.536	0.021	8.597	0.255	0.059	38.876	1013.516
matrixTran	 342.725	0.295	102.569	0.020	0.063	249.734	0.051	0.044	108.207	0.010	11.330	144.224	0.022	8.772	0.285	0.058	38.878	1007.287
matrixTran	 348.031	0.273	106.142	0.021	0.064	252.223	0.056	0.043	194.773	0.009	17.134	254.726	0.021	15.212	0.255	0.059	38.240	1227.282
matrixTran	 345.382	0.270	102.620	0.020	0.064	251.342	0.052	0.040	195.305	0.010	17.270	254.415	0.023	15.277	0.257	0.058	38.863	1221.268
matrixTran	 347.681	0.274	102.542	0.022	0.083	252.619	0.052	0.044	195.432	0.010	17.341	255.204	0.022	15.311	0.256	0.060	38.368	1225.321
matrixTran	 348.766	0.275	106.840	0.022	0.065	251.067	0.052	0.040	302.748	0.010	28.221	394.814	0.024	23.321	0.258	0.060	38.470	1495.053
matrixTran	 342.660	0.276	106.785	0.020	0.065	251.227	0.055	0.047	302.423	0.010	28.117	393.673	0.024	23.288	0.256	0.059	38.422	1487.407
matrixTran	 344.657	0.273	102.539	0.021	0.068	250.440	0.052	0.044	302.731	0.010	28.068	392.703	0.023	23.355	0.265	0.065	38.433	1483.747
matrixTran	 343.364	0.275	106.849	0.021	0.075	252.295	0.052	0.045	437.708	0.012	43.172	564.894	0.023	33.632	0.259	0.062	38.788	1821.526
matrixTran	 341.638	0.291	106.857	0.022	0.071	250.700	0.053	0.046	434.109	0.011	43.133	560.889	0.023	33.757	0.265	0.059	38.485	1810.409
matrixTran	 346.676	0.274	106.656	0.020	0.065	249.884	0.052	0.053	430.123	0.010	43.152	559.646	0.022	33.695	0.265	0.065	38.490	1809.148
matrixTran	 342.842	0.269	102.565	0.020	0.066	253.352	0.055	0.041	580.863	0.013	52.383	753.161	0.023	45.616	0.261	0.060	38.521	2170.111
matrixTran	 341.595	0.258	102.298	0.021	0.066	250.929	0.053	0.039	584.261	0.013	52.468	757.697	0.025	45.515	0.255	0.063	38.523	2174.079
matrixTran	 349.146	0.274	106.894	0.021	0.066	251.999	0.052	0.046	593.228	0.011	52.429	770.856	0.024	45.375	0.261	0.059	38.553	2209.294
SW	 344.830	0.282	102.965	0.035	0.027	256.387	0.091	0.046	12.255	73.061	184.332	0.517	0.015	12.397	0.172	0.061	38.919	1026.392
SW	 343.320	0.260	102.683	0.036	0.025	252.898	0.084	0.055	12.393	71.897	201.480	0.521	0.017	12.405	0.174	0.056	38.404	1036.708
SW	 343.621	0.259	102.637	0.037	0.026	253.696	0.083	0.047	12.341	72.910	186.942	0.612	0.016	12.389	0.183	0.063	38.379	1024.241
SW	 340.199	0.230	102.789	0.036	0.027	252.741	0.079	0.047	63.137	167.863	566.300	0.696	0.017	13.656	0.177	0.062	39.169	1547.225
SW	 343.279	0.281	106.876	0.040	0.026	252.087	0.080	0.047	63.027	174.852	574.680	0.703	0.019	13.544	0.174	0.056	38.665	1568.436
SW	 344.408	0.279	106.811	0.039	0.026	253.080	0.081	0.047	63.122	169.244	576.320	0.711	0.022	13.548	0.189	0.056	38.894	1566.877
SW	 343.214	0.261	106.874	0.033	0.026	252.388	0.083	0.044	132.768	251.544	890.496	0.687	0.017	15.261	0.189	0.068	38.575	2032.528
SW	 347.768	0.260	102.402	0.034	0.026	252.433	0.078	0.044	132.597	258.029	873.264	0.717	0.016	15.244	0.174	0.056	38.662	2021.804
SW	 340.481	0.290	103.292	0.036	0.026	253.166	0.100	0.046	132.514	253.243	880.729	0.718	0.021	16.610	0.223	0.060	46.534	2028.089
SW	 340.909	0.265	106.877	0.033	0.025	252.143	0.093	0.044	227.903	346.539	963.968	0.493	0.020	18.434	0.177	0.060	38.918	2296.901
SW	 343.536	0.275	106.633	0.035	0.026	253.644	0.095	0.045	228.279	309.193	906.227	0.683	0.017	17.910	0.177	0.056	38.614	2205.445
SW	 344.470	0.273	106.593	0.036	0.026	251.931	0.079	0.047	228.289	338.599	1147.467	0.706	0.026	17.854	0.171	0.056	38.715	2475.338
SW	 348.139	0.278	103.325	0.033	0.026	252.529	0.081	0.050	349.665	430.675	1444.755	0.721	0.037	21.056	0.189	0.057	39.091	2990.707
SW	 341.543	0.280	102.475	0.036	0.027	253.534	0.079	0.044	351.076	396.505	1353.418	0.703	0.019	21.428	0.173	0.058	39.084	2860.482
SW	 346.647	0.245	102.384	0.034	0.027	251.873	0.081	0.045	350.851	430.007	1446.520	0.714	0.017	20.971	0.177	0.057	38.784	2989.434
SW	 343.974	0.269	106.780	0.033	0.027	253.394	0.086	0.044	499.366	509.661	1708.464	0.806	0.018	25.052	0.171	0.057	38.959	3487.161
SW	 350.299	0.263	102.285	0.033	0.026	254.091	0.086	0.045	495.745	505.927	1732.631	0.711	0.018	25.085	0.209	0.057	39.001	3506.512
SW	 343.935	0.255	106.397	0.032	0.027	252.061	0.080	0.043	502.601	531.893	1527.849	0.823	0.022	28.662	0.197	0.062	47.616	3342.555
SW	 347.028	0.264	102.560	0.044	0.025	252.276	0.081	0.047	684.599	594.826	1872.088	0.524	0.018	30.997	0.199	0.057	39.271	3924.904
SW	 344.083	0.265	106.618	0.037	0.026	254.036	0.083	0.047	682.764	596.206	1986.801	0.704	0.018	29.766	0.189	0.066	39.559	4041.268
SW	 341.704	0.276	103.125	0.037	0.026	252.528	0.079	0.048	664.824	594.130	1982.506	0.717	0.022	34.112	0.194	0.061	46.524	4020.913
SW	 325.546	0.236	107.458	0.038	0.043	253.229	0.090	0.056	12.274	0.674	262.587	0.698	0.020	12.511	0.190	0.009	0.008	975.667
SW	 325.780	0.249	102.960	0.037	0.049	255.607	0.081	0.055	595.713	4.778	2195.387	0.673	0.023	30.439	0.180	0.009	0.008	3512.028
------------------------------------------Mar 8----------------------------------------------------
matrixMul	 329.838	0.022	103.451	0.030	0.041	244.158	0.060	0.030	27.202	0.008	22.763	14.460	0.016	0.640	0.135	0.008	0.010	742.872
matrixMul	 326.339	0.019	106.886	0.031	0.040	246.036	0.062	0.030	27.301	0.008	22.656	14.460	0.016	0.611	0.140	0.009	0.008	744.652
matrixMul	 326.749	0.041	102.895	0.036	0.041	244.115	0.060	0.031	27.192	0.009	22.694	14.400	0.017	0.626	0.140	0.008	0.010	739.064
matrixMul	 325.265	0.019	106.880	0.034	0.040	245.399	0.067	0.037	102.078	0.010	178.476	56.438	0.016	1.630	0.157	0.008	0.009	1016.563
matrixMul	 326.999	0.267	102.736	0.037	0.040	241.810	0.060	0.031	102.138	0.010	178.362	56.343	0.018	1.673	0.137	0.008	0.009	1010.678
matrixMul	 326.288	0.255	106.646	0.037	0.043	242.581	0.060	0.031	102.110	0.011	178.346	56.493	0.018	1.654	0.136	0.008	0.010	1014.727
matrixMul	 326.340	0.257	101.848	0.038	0.041	243.756	0.064	0.031	229.438	0.010	599.891	128.227	0.019	3.308	0.137	0.008	0.010	1633.423
matrixMul	 326.428	0.297	102.638	0.037	0.042	245.328	0.066	0.031	235.269	0.013	599.856	131.003	0.018	3.289	0.138	0.009	0.010	1644.472
matrixMul	 329.708	0.021	102.923	0.031	0.043	243.819	0.061	0.031	236.122	0.010	599.832	130.736	0.018	3.298	0.142	0.009	0.010	1646.814
matrixMul	 328.063	0.020	102.499	0.030	0.042	243.067	0.063	0.032	419.141	0.012	1462.006	230.100	0.019	5.641	0.163	0.009	0.010	2790.917
matrixMul	 332.039	0.266	106.314	0.037	0.043	243.186	0.066	0.031	418.711	0.011	1462.052	230.525	0.019	5.666	0.150	0.009	0.010	2799.135
matrixMul	 327.709	0.287	107.085	0.036	0.042	247.235	0.063	0.030	419.369	0.012	1462.066	232.224	0.019	5.672	0.145	0.013	0.010	2802.017
matrixMul	 328.099	0.273	107.102	0.046	0.043	245.487	0.062	0.047	645.485	0.014	2780.273	357.520	0.020	8.643	0.153	0.009	0.010	4473.286
matrixMul	 327.241	0.274	106.976	0.035	0.043	243.599	0.062	0.032	645.289	0.014	2780.358	358.140	0.020	8.686	0.150	0.008	0.011	4470.938
matrixMul	 327.490	0.274	106.965	0.040	0.040	245.342	0.065	0.032	645.527	0.014	2780.146	354.656	0.021	8.688	0.148	0.014	0.011	4469.473
matrixMul	 327.621	0.023	107.013	0.031	0.041	243.166	0.067	0.031	912.004	0.015	4805.345	511.498	0.023	12.364	0.148	0.009	0.011	6919.410
matrixMul	 326.149	0.266	102.746	0.037	0.042	242.489	0.065	0.039	902.412	0.015	4804.275	510.672	0.025	12.382	0.149	0.010	0.011	6901.784
matrixMul	 326.931	0.259	106.088	0.036	0.042	242.793	0.073	0.034	902.828	0.016	4804.490	511.222	0.023	12.373	0.152	0.009	0.012	6907.381
matrixMul	 330.832	0.022	107.158	0.031	0.042	243.229	0.073	0.033	1253.159	0.016	7592.747	699.084	0.024	16.869	0.151	0.009	0.011	10243.490
matrixMul	 326.973	0.021	107.339	0.031	0.041	243.379	0.067	0.031	1265.827	0.016	7592.650	702.888	0.024	16.802	0.148	0.009	0.010	10256.256
matrixMul	 327.279	0.276	107.230	0.036	0.041	243.091	0.070	0.034	1266.787	0.016	7592.346	702.545	0.023	16.718	0.178	0.009	0.011	10256.690
nbody	 328.287	0.044	102.276	0.035	0.082	537.123	0.045	0.062	1.610	0.008	28.013	1.070	0.023	0.213	0.000	0.008	0.010	998.909
nbody	 327.523	0.078	106.307	0.035	0.103	538.483	0.044	0.058	1.586	0.007	27.962	1.129	0.020	0.217	0.000	0.009	0.007	1003.568
nbody	 331.892	0.040	107.276	0.035	0.083	538.223	0.047	0.064	1.626	0.009	28.030	1.360	0.022	0.243	0.000	0.008	0.008	1008.966
nbody	 327.602	0.043	102.852	0.035	0.085	539.290	0.047	0.060	1.905	0.010	57.458	1.495	0.021	0.269	0.000	0.009	0.007	1031.188
nbody	 327.651	0.107	106.956	0.032	0.083	538.425	0.065	0.061	1.873	0.007	57.434	1.427	0.020	0.270	0.000	0.009	0.007	1034.427
nbody	 330.195	0.128	107.015	0.033	0.084	537.412	0.040	0.056	1.865	0.008	57.432	1.446	0.032	0.281	0.000	0.008	0.007	1036.042
nbody	 327.234	0.128	102.745	0.050	0.094	539.653	0.040	0.053	2.196	0.007	97.589	1.677	0.020	0.279	0.000	0.009	0.008	1071.782
nbody	 327.411	0.059	102.775	0.035	0.102	539.510	0.047	0.060	2.186	0.009	97.669	2.187	0.026	0.314	0.000	0.010	0.008	1072.408
nbody	 326.857	0.097	102.590	0.035	0.083	539.830	0.052	0.063	2.214	0.009	97.579	1.651	0.022	0.273	0.000	0.009	0.007	1071.371
nbody	 326.425	0.123	102.831	0.036	0.085	538.072	0.048	0.062	2.823	0.010	148.470	1.993	0.023	0.397	0.000	0.009	0.008	1121.415
nbody	 325.932	0.155	102.769	0.031	0.096	537.953	0.042	0.055	2.610	0.008	148.558	2.422	0.023	0.407	0.000	0.009	0.008	1121.078
nbody	 331.307	0.182	106.787	0.031	0.083	542.176	0.043	0.054	2.583	0.009	148.513	2.468	0.022	0.424	0.000	0.009	0.007	1134.698
nbody	 340.519	0.069	101.989	0.031	0.082	537.734	0.042	0.053	2.922	0.009	209.464	2.208	0.038	0.404	0.000	0.009	0.008	1195.581
nbody	 327.486	0.128	102.705	0.037	0.083	537.717	0.042	0.053	2.954	0.010	209.468	2.123	0.021	0.433	0.000	0.010	0.008	1183.278
nbody	 328.401	0.044	103.169	0.035	0.091	553.761	0.046	0.064	2.983	0.010	209.529	2.237	0.023	0.403	0.000	0.009	0.008	1200.813
nbody	 732.017	0.158	102.882	0.031	0.084	540.185	0.042	0.058	3.284	0.009	281.559	2.492	0.023	0.402	0.000	0.009	0.008	1663.243
nbody	 325.929	0.038	102.054	0.051	0.083	536.691	0.048	0.063	3.234	0.010	281.705	2.496	0.026	0.418	0.000	0.009	0.008	1252.863
nbody	 326.050	0.131	102.004	0.030	0.094	538.747	0.042	0.053	3.322	0.007	281.608	2.563	0.021	0.401	0.000	0.009	0.008	1255.090
nbody	 326.370	0.039	106.246	0.036	0.083	542.594	0.047	0.058	3.620	0.009	385.403	3.550	0.026	0.424	0.000	0.009	0.008	1368.522
nbody	 326.029	0.112	106.152	0.032	0.085	538.056	0.062	0.054	3.608	0.011	385.335	3.571	0.028	0.410	0.000	0.009	0.008	1363.562
nbody	 328.047	0.059	106.702	0.036	0.086	540.842	0.047	0.071	3.548	0.008	385.564	2.667	0.053	0.413	0.000	0.010	0.008	1368.161
SW	 331.464	0.266	102.124	0.036	0.044	251.935	0.083	0.056	12.438	0.794	275.019	0.649	0.020	12.364	0.172	0.009	0.008	987.481
SW	 326.581	0.274	106.587	0.038	0.045	253.827	0.083	0.056	12.349	0.637	290.399	0.618	0.020	12.309	0.173	0.009	0.008	1004.013
SW	 325.970	0.277	102.810	0.037	0.046	252.795	0.083	0.054	12.251	0.775	302.713	0.611	0.019	12.385	0.174	0.008	0.008	1011.016
SW	 325.199	0.271	102.619	0.038	0.045	251.729	0.083	0.054	12.369	0.650	279.722	0.762	0.022	12.440	0.178	0.009	0.008	986.198
SW	 326.062	0.275	106.161	0.036	0.044	253.767	0.079	0.049	12.407	0.708	204.948	0.477	0.018	12.387	0.172	0.008	0.008	917.606
SW	 326.221	0.282	102.888	0.036	0.044	251.715	0.082	0.054	52.334	1.299	592.460	0.664	0.020	13.680	0.174	0.010	0.008	1341.971
SW	 325.083	0.268	106.700	0.039	0.044	253.575	0.084	0.054	52.164	1.423	626.945	0.800	0.022	13.590	0.175	0.010	0.009	1380.985
SW	 325.734	0.259	102.021	0.036	0.045	253.951	0.082	0.055	51.740	1.316	594.582	0.779	0.022	13.499	0.170	0.011	0.008	1344.310
SW	 327.338	0.268	102.722	0.037	0.046	252.085	0.085	0.076	52.010	1.657	609.259	0.676	0.023	13.469	0.172	0.016	0.011	1359.950
SW	 331.975	0.271	106.760	0.037	0.043	254.321	0.078	0.050	52.189	1.589	580.324	0.783	0.026	13.518	0.185	0.009	0.008	1342.166
SW	 325.726	0.272	102.762	0.038	0.044	252.999	0.084	0.061	113.826	1.949	898.405	0.662	0.022	15.372	0.175	0.009	0.008	1712.414
SW	 326.472	0.262	105.827	0.037	0.048	252.918	0.091	0.055	123.903	1.967	835.230	0.764	0.025	17.033	0.195	0.009	0.010	1664.846
SW	 326.410	0.281	295.048	0.043	0.044	257.362	0.104	0.059	134.406	1.903	624.067	0.589	0.023	15.871	0.179	0.009	0.008	1656.406
SW	 327.146	0.267	290.493	0.046	0.044	254.865	0.088	0.060	134.380	2.372	624.950	0.464	0.020	15.898	0.182	0.008	0.008	1651.291
SW	 327.972	0.272	296.309	0.044	0.046	255.382	0.085	0.063	134.639	1.953	631.605	0.593	0.022	15.928	0.194	0.009	0.008	1665.124
SW	 328.101	0.271	288.859	0.061	0.046	258.526	0.087	0.083	234.838	2.636	981.810	0.579	0.023	20.344	0.183	0.010	0.008	2116.465
SW	 328.436	0.299	298.879	0.045	0.045	255.398	0.087	0.065	253.677	2.590	1176.700	0.752	0.023	18.276	0.184	0.010	0.008	2335.474
SW	 326.326	0.038	102.853	0.029	0.045	254.050	0.079	0.049	231.297	2.651	1135.134	0.704	0.020	17.906	0.173	0.009	0.007	2071.370
SW	 326.738	0.254	102.086	0.034	0.048	254.687	0.079	0.046	230.078	2.621	1224.817	0.716	0.020	17.928	0.181	0.008	0.008	2160.349
SW	 327.144	0.277	102.381	0.036	0.043	253.560	0.079	0.047	229.418	2.548	1199.354	0.688	0.020	17.887	0.178	0.008	0.008	2133.676
SW	 328.007	0.271	102.221	0.034	0.042	252.505	0.078	0.047	351.190	3.315	1507.434	0.716	0.021	20.999	0.179	0.010	0.008	2567.077
SW	 327.861	0.256	106.676	0.037	0.044	253.199	0.078	0.049	350.268	3.278	1490.027	0.702	0.021	20.998	0.204	0.008	0.008	2553.714
SW	 327.240	0.252	106.913	0.037	0.054	253.343	0.081	0.049	355.786	3.440	1422.280	0.710	0.024	20.951	0.174	0.009	0.007	2491.350
SW	 326.118	0.288	102.961	0.037	0.048	253.448	0.092	0.049	359.207	3.345	1518.060	0.699	0.026	23.938	0.228	0.009	0.009	2588.562
SW	 329.614	0.024	291.953	0.037	0.044	254.380	0.101	0.060	362.170	3.349	1055.861	0.588	0.020	21.746	0.207	0.009	0.008	2320.171
SW	 329.190	0.259	292.342	0.045	0.046	254.739	0.081	0.054	529.513	3.955	1596.598	0.704	0.024	28.439	0.179	0.010	0.009	3036.187
SW	 325.408	0.275	290.056	0.043	0.044	256.854	0.078	0.054	519.583	4.092	1470.478	0.853	0.024	25.801	0.190	0.015	0.012	2893.860
SW	 326.929	0.289	102.987	0.038	0.048	253.033	0.080	0.049	520.375	3.984	1796.342	0.709	0.021	25.101	0.177	0.008	0.012	3030.182
SW	 330.207	0.286	106.981	0.038	0.044	253.787	0.079	0.050	518.400	4.220	1786.184	0.677	0.020	25.071	0.292	0.015	0.008	3026.359
SW	 328.061	0.272	106.946	0.043	0.043	253.175	0.079	0.049	517.528	4.081	1816.417	0.697	0.022	25.107	0.180	0.009	0.008	3052.717
SW	 328.522	0.276	102.602	0.043	0.046	251.282	0.078	0.049	699.479	4.631	2237.351	0.717	0.023	31.599	0.179	0.010	0.008	3656.895
SW	 340.129	0.269	107.055	0.033	0.044	254.672	0.082	0.047	699.987	4.559	2020.337	0.711	0.024	33.729	0.196	0.010	0.008	3461.892
SW	 327.057	0.276	289.073	0.043	0.045	257.426	0.086	0.062	698.801	5.552	1476.496	0.657	0.037	30.297	0.193	0.009	0.008	3086.118
SW	 326.552	0.258	294.972	0.045	0.046	254.943	0.080	0.053	694.528	4.759	1857.575	0.603	0.024	30.296	0.186	0.029	0.008	3464.957
SW	 329.005	0.270	107.020	0.034	0.043	253.546	0.082	0.048	692.787	4.631	2001.786	0.726	0.023	29.875	0.178	0.011	0.008	3420.073
matrixTran	 325.068	0.280	102.435	0.021	0.045	251.045	0.050	0.038	15.451	0.011	1.234	16.984	0.020	1.788	0.240	0.011	0.009	714.730
matrixTran	 327.183	0.276	102.591	0.021	0.047	250.822	0.069	0.040	15.509	0.007	1.262	17.005	0.019	1.771	0.239	0.011	0.008	716.880
matrixTran	 325.928	0.276	102.594	0.020	0.051	251.215	0.052	0.038	15.516	0.006	1.246	16.928	0.019	1.797	0.239	0.011	0.010	715.946
matrixTran	 325.493	0.292	106.860	0.022	0.055	251.683	0.052	0.054	56.348	0.008	2.283	63.220	0.027	4.699	0.247	0.011	0.009	811.363
matrixTran	 326.830	0.279	106.783	0.022	0.056	253.250	0.056	0.038	56.713	0.007	2.073	62.482	0.022	4.734	0.274	0.011	0.009	813.639
matrixTran	 319.733	0.294	102.638	0.021	0.055	252.068	0.051	0.039	55.604	0.009	2.071	62.599	0.021	4.643	0.247	0.011	0.009	800.113
matrixTran	 320.312	0.265	103.259	0.037	0.057	251.796	0.066	0.040	123.421	0.009	5.227	140.490	0.021	9.182	0.248	0.012	0.008	954.450
matrixTran	 372.311	0.277	102.520	0.022	0.055	250.041	0.052	0.039	123.584	0.006	5.154	140.510	0.022	9.151	0.251	0.013	0.011	1004.019
matrixTran	 428.789	0.266	102.537	0.022	0.057	249.305	0.054	0.039	123.654	0.008	5.191	140.902	0.022	9.220	0.253	0.016	0.011	1060.346
matrixTran	 327.170	0.305	102.809	0.022	0.058	249.056	0.055	0.040	224.838	0.008	5.895	249.091	0.025	15.875	0.253	0.011	0.008	1175.519
matrixTran	 327.985	0.275	294.889	0.023	0.074	254.863	0.069	0.040	237.151	0.008	5.915	245.808	0.037	15.714	0.254	0.011	0.009	1383.125
matrixTran	 331.050	0.273	290.148	0.023	0.059	253.678	0.066	0.042	245.491	0.009	5.950	243.562	0.023	15.737	0.269	0.011	0.009	1386.400
matrixTran	 326.476	0.291	293.549	0.022	0.061	254.511	0.066	0.043	365.689	0.008	10.713	381.275	0.023	24.110	0.285	0.011	0.009	1657.142
matrixTran	 327.488	0.282	286.904	0.022	0.058	255.396	0.067	0.043	367.840	0.008	10.677	385.206	0.023	24.014	0.272	0.011	0.009	1658.320
matrixTran	 331.697	0.267	279.259	0.022	0.071	254.699	0.060	0.044	371.785	0.008	10.727	388.402	0.024	24.099	0.295	0.012	0.009	1661.480
matrixTran	 329.230	0.288	106.394	0.021	0.060	250.382	0.063	0.041	460.665	0.009	17.556	563.909	0.023	33.548	0.263	0.011	0.008	1762.471
matrixTran	 330.478	0.278	107.661	0.021	0.061	251.401	0.079	0.039	462.405	0.009	17.656	568.901	0.024	33.669	0.279	0.012	0.009	1772.982
matrixTran	 325.723	0.279	107.276	0.021	0.059	252.035	0.058	0.039	460.472	0.008	17.615	565.585	0.023	33.626	0.257	0.011	0.008	1763.095
matrixTran	 329.864	0.273	102.872	0.021	0.060	251.713	0.056	0.040	625.311	0.010	18.012	765.224	0.023	45.654	0.262	0.012	0.008	2139.415
matrixTran	 328.968	0.266	102.275	0.021	0.060	249.350	0.057	0.042	621.647	0.009	18.081	759.908	0.027	45.442	0.278	0.012	0.009	2126.452
matrixTran	 331.542	0.278	107.262	0.022	0.061	250.576	0.062	0.042	625.408	0.009	18.079	762.109	0.027	45.473	0.286	0.012	0.008	2141.256
------------------mar8OneRemote-------------------
matrixMul	 1015.284	0.055	109.808	0.029	0.038	269.850	0.057	0.031	8.052	0.011	32.808	14.685	0.019	0.696	0.142	0.008	0.009	1451.582
matrixMul	 992.073	0.276	99.601	0.037	0.041	244.131	0.060	0.030	7.974	0.015	32.611	14.565	0.018	0.685	0.139	0.008	0.010	1392.274
matrixMul	 1006.232	0.274	103.575	0.037	0.060	245.816	0.060	0.030	8.028	0.015	32.878	14.696	0.020	0.665	0.142	0.008	0.010	1412.546
matrixMul	 1073.187	0.266	103.833	0.037	0.042	247.326	0.062	0.033	31.838	0.018	215.642	56.043	0.021	1.696	0.136	0.008	0.010	1730.198
matrixMul	 1015.380	0.266	103.507	0.042	0.042	243.917	0.062	0.030	31.846	0.019	215.840	56.157	0.021	1.673	0.138	0.008	0.010	1668.958
matrixMul	 1000.419	0.260	99.870	0.037	0.041	246.614	0.063	0.032	31.226	0.018	216.121	56.156	0.020	1.665	0.139	0.008	0.009	1652.698
matrixMul	 1014.802	0.263	103.832	0.037	0.041	245.717	0.062	0.031	69.599	0.016	685.133	128.129	0.021	3.332	0.143	0.009	0.009	2251.176
matrixMul	 1044.445	0.271	99.661	0.036	0.041	244.804	0.063	0.030	68.216	0.015	683.726	130.547	0.024	3.333	0.148	0.008	0.010	2275.378
matrixMul	 1017.691	0.268	103.692	0.036	0.042	245.873	0.063	0.031	65.176	0.018	684.225	128.034	0.021	3.387	0.144	0.008	0.010	2248.719
matrixMul	 970.516	0.287	103.554	0.036	0.041	243.732	0.074	0.031	120.596	0.020	1615.602	228.577	0.022	5.714	0.150	0.008	0.009	3288.969
matrixMul	 958.498	0.283	100.189	0.036	0.042	243.094	0.063	0.031	123.935	0.021	1613.307	228.824	0.022	5.693	0.149	0.008	0.010	3274.205
matrixMul	 966.445	0.261	103.918	0.037	0.042	244.480	0.061	0.030	124.828	0.019	1615.118	232.219	0.023	5.714	0.150	0.009	0.010	3293.364
matrixMul	 1044.691	0.283	99.645	0.036	0.046	243.695	0.080	0.031	185.136	0.023	3023.440	361.324	0.024	8.698	0.174	0.008	0.010	4967.344
matrixMul	 1033.715	0.023	104.094	0.030	0.042	245.870	0.064	0.032	182.884	0.022	3018.893	355.212	0.024	8.721	0.149	0.009	0.008	4949.792
matrixMul	 967.682	0.278	99.832	0.036	0.041	243.832	0.063	0.032	176.461	0.017	3020.266	356.099	0.020	8.700	0.151	0.009	0.015	4873.534
matrixMul	 999.428	0.263	99.780	0.036	0.041	245.588	0.073	0.031	267.748	0.024	5144.848	512.664	0.026	12.352	0.180	0.008	0.010	7283.100
matrixMul	 1024.792	0.286	99.586	0.036	0.042	246.825	0.072	0.045	267.443	0.018	5155.471	521.334	0.026	12.349	0.151	0.009	0.011	7328.496
matrixMul	 995.070	0.271	103.663	0.038	0.042	243.620	0.066	0.031	267.173	0.032	5155.995	512.253	0.027	12.388	0.177	0.009	0.010	7290.865
matrixMul	 949.613	0.263	99.691	0.037	0.043	245.892	0.065	0.031	355.090	0.024	8075.148	703.700	0.029	16.717	0.149	0.008	0.011	10446.511
matrixMul	 1023.646	0.270	99.720	0.037	0.041	244.782	0.074	0.032	355.776	0.022	8073.857	692.786	0.026	16.672	0.157	0.008	0.010	10507.916
matrixMul	 1043.795	0.281	103.962	0.038	0.042	244.195	0.069	0.032	340.739	0.023	8070.600	694.117	0.026	16.671	0.149	0.008	0.010	10514.757
nbody	 999.669	0.038	103.648	0.036	0.088	600.874	0.051	0.067	0.191	0.008	28.805	1.537	0.028	0.250	0.000	0.010	0.008	1735.308
nbody	 1002.889	0.112	103.727	0.031	0.082	541.901	0.043	0.053	0.144	0.006	28.809	1.219	0.023	0.241	0.000	0.008	0.006	1679.294
nbody	 938.434	0.138	99.646	0.031	0.080	541.888	0.053	0.059	0.145	0.008	29.004	1.504	0.025	0.245	0.000	0.009	0.007	1611.276
nbody	 921.895	0.134	99.539	0.031	0.088	540.253	0.039	0.052	0.163	0.008	58.565	1.578	0.024	0.322	0.000	0.008	0.007	1622.706
nbody	 897.112	0.151	103.495	0.031	0.082	542.597	0.042	0.054	0.156	0.008	58.556	1.534	0.023	0.332	0.000	0.008	0.007	1604.188
nbody	 1038.496	0.077	99.536	0.035	0.086	540.129	0.045	0.060	0.157	0.009	58.466	1.695	0.033	0.306	0.000	0.009	0.008	1739.147
nbody	 1060.793	0.089	103.491	0.034	0.085	539.743	0.048	0.061	0.154	0.010	98.636	1.891	0.026	0.308	0.000	0.008	0.008	1805.385
nbody	 976.915	0.072	99.528	0.035	0.084	538.366	0.044	0.061	0.165	0.024	98.721	1.834	0.025	0.311	0.000	0.008	0.007	1716.200
nbody	 1121.923	0.067	103.602	0.038	0.082	542.581	0.046	0.059	0.169	0.008	98.707	1.900	0.025	0.306	0.000	0.008	0.007	1869.528
nbody	 1005.024	0.038	99.372	0.034	0.080	536.527	0.046	0.061	0.180	0.010	150.081	2.210	0.025	0.430	0.000	0.008	0.007	1794.133
nbody	 945.209	0.102	103.553	0.037	0.084	541.418	0.046	0.078	0.180	0.007	150.020	2.179	0.024	0.469	0.000	0.009	0.007	1743.422
nbody	 1054.424	0.037	100.009	0.052	0.086	536.875	0.046	0.061	0.182	0.008	150.049	2.228	0.026	0.472	0.000	0.008	0.007	1844.570
nbody	 1006.490	0.117	99.694	0.035	0.083	541.272	0.047	0.060	0.197	0.010	211.319	2.510	0.026	0.439	0.000	0.009	0.007	1862.315
nbody	 995.929	0.076	103.819	0.032	0.082	542.151	0.042	0.054	0.185	0.006	211.296	2.433	0.023	0.465	0.000	0.009	0.007	1856.609
nbody	 1005.579	0.040	99.721	0.051	0.090	540.244	0.047	0.062	0.195	0.009	211.314	2.497	0.026	0.439	0.000	0.008	0.007	1860.329
nbody	 1021.489	0.074	100.220	0.036	0.104	538.047	0.045	0.064	0.213	0.009	283.774	2.776	0.030	0.464	0.000	0.008	0.007	1947.360
nbody	 929.096	0.106	103.862	0.037	0.086	538.534	0.047	0.063	0.202	0.010	283.553	2.864	0.034	0.460	0.000	0.009	0.007	1858.970
nbody	 1001.806	0.098	103.655	0.035	0.083	541.076	0.047	0.062	0.204	0.010	283.592	2.865	0.031	0.473	0.000	0.010	0.007	1934.054
nbody	 1012.500	0.175	101.243	0.031	0.085	542.416	0.042	0.054	0.213	0.008	387.521	3.005	0.024	0.468	0.000	0.009	0.007	2047.801
nbody	 950.417	0.132	99.605	0.035	0.095	539.538	0.041	0.052	0.217	0.008	387.256	3.014	0.026	0.445	0.000	0.012	0.011	1980.904
nbody	 1014.173	0.038	99.719	0.035	0.085	544.166	0.047	0.060	0.215	0.011	387.494	3.116	0.030	0.460	0.000	0.009	0.007	2049.665
SW	 952.656	0.267	103.570	0.037	0.051	306.968	0.098	0.053	5.274	0.683	279.944	0.622	0.018	12.514	0.275	0.011	0.007	1663.048
SW	 946.829	0.273	99.776	0.037	0.043	252.042	0.079	0.048	5.186	0.669	292.002	0.589	0.019	12.618	0.171	0.008	0.007	1610.396
SW	 1009.244	0.268	103.674	0.037	0.043	251.807	0.077	0.050	5.180	0.676	281.621	0.637	0.017	12.473	0.174	0.009	0.008	1665.995
SW	 1039.964	0.295	103.547	0.035	0.046	252.255	0.077	0.047	5.037	0.674	284.519	0.544	0.017	12.473	0.184	0.009	0.008	1699.731
SW	 949.626	0.275	103.517	0.038	0.046	253.204	0.080	0.048	5.302	0.676	286.799	0.575	0.017	12.458	0.202	0.009	0.008	1612.880
SW	 1002.611	0.262	104.525	0.037	0.044	251.943	0.080	0.053	18.543	1.336	618.621	0.586	0.024	13.541	0.183	0.008	0.008	2012.405
SW	 1034.374	0.265	103.685	0.036	0.044	255.561	0.077	0.048	14.869	1.352	551.291	0.574	0.020	13.599	0.197	0.012	0.007	1976.011
SW	 1098.965	0.290	287.061	0.044	0.046	254.257	0.086	0.063	13.563	1.284	443.978	0.527	0.019	14.335	0.204	0.009	0.009	2114.740
SW	 1050.206	0.238	293.628	0.046	0.046	256.718	0.084	0.061	14.299	1.331	443.442	0.506	0.019	14.321	0.193	0.009	0.008	2075.155
SW	 1004.874	0.267	287.146	0.045	0.048	253.934	0.080	0.056	14.346	1.322	575.918	0.711	0.022	14.686	0.190	0.010	0.018	2153.673
SW	 1082.228	0.281	289.021	0.044	0.043	255.792	0.085	0.061	39.539	1.885	669.025	0.541	0.020	15.848	0.183	0.009	0.008	2354.613
SW	 970.107	0.023	290.332	0.035	0.044	256.117	0.085	0.060	41.808	2.076	903.086	0.608	0.020	15.297	0.188	0.008	0.008	2479.902
SW	 970.504	0.267	103.724	0.035	0.044	254.333	0.106	0.052	40.069	1.991	978.628	0.610	0.020	15.288	0.215	0.009	0.008	2365.903
SW	 974.945	0.253	99.777	0.036	0.044	254.066	0.084	0.048	41.472	2.007	845.802	0.595	0.026	15.276	0.174	0.008	0.008	2234.621
SW	 1009.948	0.248	103.816	0.034	0.042	253.740	0.079	0.046	43.134	2.078	965.507	0.698	0.022	15.745	0.180	0.009	0.012	2395.338
SW	 904.882	0.272	103.871	0.038	0.044	252.245	0.092	0.053	74.928	2.696	1287.668	0.634	0.020	17.960	0.193	0.019	0.013	2645.628
SW	 792.224	0.252	99.664	0.034	0.040	252.496	0.101	0.059	73.785	2.899	1234.059	0.634	0.019	17.777	0.180	0.009	0.008	2474.240
SW	 901.574	0.270	103.851	0.040	0.042	254.662	0.084	0.052	74.447	2.655	1151.123	0.464	0.022	18.242	0.177	0.009	0.007	2507.721
SW	 967.651	0.281	103.577	0.034	0.041	254.447	0.079	0.047	75.412	2.639	1245.321	0.620	0.023	19.962	0.201	0.010	0.009	2670.354
SW	 889.189	0.273	285.764	0.045	0.045	254.686	0.079	0.053	72.093	2.725	1225.034	0.801	0.051	19.661	0.196	0.008	0.008	2750.711
SW	 1022.880	0.236	286.891	0.043	0.044	256.668	0.084	0.061	109.067	3.273	1672.290	0.508	0.024	21.592	0.199	0.009	0.008	3373.877
SW	 949.056	0.238	288.834	0.046	0.045	255.926	0.090	0.064	105.120	3.417	1581.646	0.630	0.021	21.552	0.185	0.019	0.008	3206.897
SW	 1015.034	0.250	289.627	0.044	0.045	254.253	0.090	0.085	104.755	3.290	1542.824	0.722	0.023	23.596	0.184	0.008	0.008	3234.838
SW	 1011.456	0.038	289.865	0.036	0.050	256.234	0.085	0.063	105.176	3.925	1741.905	0.670	0.021	22.495	0.189	0.009	0.008	3432.225
SW	 952.941	0.271	289.333	0.046	0.046	255.962	0.090	0.065	105.693	3.502	1408.127	0.620	0.024	23.643	0.196	0.010	0.009	3040.578
SW	 1014.203	0.243	284.693	0.043	0.044	255.213	0.085	0.061	154.714	4.012	1873.945	0.586	0.023	28.583	0.190	0.010	0.009	3616.657
SW	 1032.814	0.284	288.231	0.042	0.044	254.845	0.087	0.061	168.050	4.169	2089.054	0.753	0.023	28.148	0.186	0.009	0.008	3866.808
SW	 1043.636	0.265	293.447	0.043	0.044	255.280	0.087	0.063	165.984	4.679	1913.339	0.684	0.022	28.550	0.212	0.009	0.008	3706.352
SW	 1012.327	0.272	275.053	0.046	0.046	255.202	0.091	0.072	172.113	3.928	2121.636	0.723	0.024	28.276	0.232	0.009	0.010	3870.060
SW	 1015.169	0.289	272.491	0.043	0.044	254.940	0.087	0.060	166.953	3.928	1929.894	0.645	0.027	25.565	0.186	0.009	0.008	3670.338
SW	 1019.231	0.272	290.355	0.045	0.046	254.279	0.080	0.060	176.043	4.523	2209.619	0.774	0.023	33.389	0.193	0.010	0.008	3988.950
SW	 1077.252	0.288	103.758	0.034	0.044	254.851	0.080	0.048	173.424	4.700	2416.135	0.588	0.022	29.846	0.176	0.010	0.007	4061.263
SW	 1010.581	0.266	103.755	0.034	0.041	255.998	0.079	0.068	174.516	4.691	2253.595	0.610	0.021	29.782	0.176	0.010	0.007	3834.230
SW	 970.485	0.282	100.400	0.037	0.043	255.421	0.078	0.051	173.608	4.693	2398.155	0.609	0.023	29.813	0.176	0.010	0.007	3933.891
SW	 1066.417	0.252	102.333	0.034	0.041	251.862	0.081	0.055	170.892	4.645	2318.043	0.659	0.021	31.308	0.177	0.009	0.007	3946.836
matrixTran	 989.093	0.282	103.602	0.022	0.058	286.102	0.070	0.044	14.517	0.007	1.185	16.974	0.019	1.831	0.253	0.011	0.008	1414.078
matrixTran	 963.430	0.274	103.625	0.021	0.046	253.867	0.048	0.039	15.607	0.006	1.244	17.127	0.019	1.764	0.248	0.011	0.008	1357.384
matrixTran	 1026.259	0.291	99.869	0.021	0.049	249.874	0.052	0.039	15.627	0.005	1.182	16.916	0.021	1.774	0.239	0.011	0.008	1412.237
matrixTran	 944.105	0.283	103.784	0.024	0.046	250.700	0.069	0.042	15.527	0.006	1.290	16.958	0.023	1.749	0.248	0.009	0.008	1334.871
matrixTran	 1030.693	0.260	103.681	0.022	0.056	253.083	0.062	0.039	57.283	0.008	2.228	62.825	0.021	4.701	0.276	0.011	0.008	1515.257
matrixTran	 1050.127	0.289	103.750	0.022	0.057	250.952	0.053	0.039	57.665	0.007	2.139	63.066	0.021	4.693	0.276	0.011	0.008	1533.175
matrixTran	 1007.487	0.281	286.813	0.035	0.055	252.346	0.062	0.043	60.098	0.007	2.189	63.493	0.021	4.288	0.253	0.011	0.008	1677.490
matrixTran	 1022.697	0.273	284.436	0.023	0.058	251.918	0.062	0.042	60.046	0.008	2.218	62.835	0.021	4.339	0.291	0.011	0.009	1689.287
matrixTran	 1019.603	0.278	292.651	0.023	0.057	253.482	0.065	0.058	133.558	0.008	4.962	139.623	0.023	8.811	0.256	0.026	0.009	1853.493
matrixTran	 1015.641	0.282	287.367	0.022	0.059	253.164	0.066	0.044	133.432	0.012	5.117	139.303	0.022	8.884	0.256	0.011	0.009	1843.691
matrixTran	 965.351	0.289	287.729	0.023	0.061	252.208	0.065	0.045	133.013	0.008	5.080	139.161	0.024	8.828	0.254	0.011	0.009	1792.159
matrixTran	 1028.161	0.288	284.131	0.022	0.061	254.025	0.065	0.042	138.598	0.008	5.224	139.894	0.023	8.801	0.252	0.011	0.009	1859.615
matrixTran	 1016.836	0.258	292.057	0.023	0.059	253.526	0.063	0.044	240.766	0.008	5.899	247.917	0.022	15.676	0.261	0.010	0.009	2073.434
matrixTran	 963.363	0.283	283.016	0.024	0.060	251.673	0.067	0.044	239.678	0.009	5.935	249.003	0.023	15.665	0.253	0.011	0.010	2009.117
matrixTran	 1015.417	0.289	287.002	0.023	0.059	254.680	0.068	0.043	240.146	0.008	5.876	247.858	0.022	15.683	0.254	0.012	0.009	2067.449
matrixTran	 1015.154	0.280	284.452	0.023	0.059	253.535	0.080	0.045	255.812	0.008	5.972	267.078	0.024	15.879	0.274	0.012	0.009	2098.696
matrixTran	 1029.107	0.267	103.841	0.028	0.064	252.312	0.057	0.040	323.509	0.008	10.394	396.716	0.022	23.597	0.261	0.012	0.009	2140.244
matrixTran	 1028.899	0.283	100.129	0.030	0.063	259.711	0.056	0.039	321.729	0.009	10.540	398.040	0.022	23.605	0.277	0.011	0.008	2143.451
matrixTran	 1044.607	0.258	99.759	0.024	0.061	250.163	0.056	0.042	322.768	0.013	10.497	395.769	0.022	23.582	0.263	0.011	0.010	2147.905
matrixTran	 1021.287	0.282	100.545	0.022	0.060	252.257	0.056	0.040	320.204	0.007	10.497	394.777	0.022	23.538	0.260	0.011	0.009	2123.874
matrixTran	 1025.205	0.301	99.391	0.021	0.061	251.740	0.057	0.055	466.060	0.008	17.631	569.917	0.023	34.052	0.264	0.011	0.009	2464.806
matrixTran	 1019.234	0.244	99.357	0.022	0.059	249.802	0.055	0.039	462.920	0.009	17.707	566.966	0.022	33.867	0.268	0.011	0.012	2450.594
matrixTran	 984.694	0.265	99.729	0.022	0.062	250.493	0.056	0.041	425.968	0.009	17.550	563.859	0.024	33.994	0.276	0.012	0.013	2377.067
matrixTran	 1016.330	0.285	99.631	0.020	0.064	249.742	0.060	0.039	453.652	0.009	17.569	561.428	0.023	34.009	0.276	0.012	0.009	2433.158
matrixTran	 1022.737	0.268	99.237	0.026	0.061	250.040	0.056	0.040	628.266	0.008	18.144	772.133	0.022	46.023	0.280	0.012	0.009	2837.362
matrixTran	 1035.354	0.300	99.264	0.022	0.060	250.619	0.057	0.041	628.410	0.010	18.004	769.206	0.024	45.820	0.273	0.012	0.009	2847.485
matrixTran	 988.930	0.273	99.646	0.022	0.065	252.225	0.055	0.041	628.168	0.010	18.138	769.940	0.024	46.035	0.277	0.011	0.010	2803.870
matrixTran	 1018.814	0.274	101.435	0.028	0.060	251.410	0.055	0.040	629.656	0.010	18.055	769.760	0.022	46.034	0.279	0.012	0.009	2835.953
----------------------------------again-----------------------------
matrixMul	 997.689	0.255	100.464	0.037	0.041	243.848	0.060	0.031	8.120	0.019	31.767	16.125	0.017	0.619	0.137	0.008	0.009	1399.246
matrixMul	 986.435	0.272	104.043	0.038	0.042	244.525	0.057	0.027	8.000	0.018	31.987	15.879	0.018	0.650	0.138	0.009	0.022	1392.160
matrixMul	 995.314	0.260	98.903	0.036	0.043	244.596	0.064	0.031	7.741	0.015	32.027	15.799	0.017	0.625	0.135	0.008	0.010	1395.624
matrixMul	 992.461	0.297	99.679	0.036	0.042	244.222	0.062	0.037	31.111	0.030	213.359	58.824	0.018	1.652	0.135	0.008	0.009	1641.982
matrixMul	 1004.623	0.282	99.646	0.035	0.042	245.847	0.064	0.033	31.687	0.014	213.269	58.588	0.025	1.664	0.160	0.008	0.010	1655.997
matrixMul	 995.928	0.020	99.961	0.031	0.041	245.000	0.064	0.028	30.789	0.014	213.144	58.274	0.018	1.631	0.137	0.009	0.008	1645.097
matrixMul	 958.021	0.298	103.636	0.038	0.050	248.543	0.063	0.030	66.765	0.015	680.339	129.897	0.018	3.333	0.141	0.009	0.010	2191.206
matrixMul	 957.771	0.269	99.462	0.036	0.040	245.031	0.063	0.032	66.816	0.016	679.986	130.507	0.018	3.317	0.143	0.008	0.010	2183.525
matrixMul	 1003.019	0.264	104.042	0.036	0.041	242.804	0.062	0.031	69.366	0.016	680.479	132.420	0.018	3.319	0.143	0.008	0.010	2236.078
matrixMul	 999.865	0.274	103.726	0.036	0.044	244.920	0.065	0.031	122.343	0.019	1605.937	233.962	0.019	5.716	0.146	0.008	0.010	3317.121
matrixMul	 1011.043	0.259	99.780	0.037	0.042	242.882	0.064	0.030	121.072	0.018	1605.687	233.579	0.019	5.665	0.149	0.009	0.010	3320.345
matrixMul	 936.665	0.020	99.334	0.032	0.040	244.672	0.061	0.031	121.817	0.018	1606.772	233.547	0.020	5.695	0.148	0.009	0.009	3248.890
matrixMul	 1005.201	0.020	100.076	0.030	0.042	245.498	0.073	0.027	183.920	0.027	3009.495	365.028	0.021	8.695	0.154	0.009	0.009	4918.325
matrixMul	 1012.131	0.270	99.682	0.036	0.041	244.123	0.067	0.031	181.638	0.027	3009.871	363.068	0.021	8.686	0.164	0.008	0.010	4919.874
matrixMul	 993.817	0.272	103.520	0.036	0.041	245.507	0.064	0.030	178.085	0.021	3008.459	359.758	0.021	8.683	0.150	0.009	0.011	4898.484
matrixMul	 942.974	0.020	104.364	0.031	0.042	243.727	0.072	0.028	264.190	0.022	5132.985	527.345	0.022	12.433	0.166	0.009	0.010	7228.440
matrixMul	 996.159	0.268	99.590	0.035	0.047	245.307	0.066	0.031	267.121	0.021	5129.794	521.204	0.023	12.435	0.148	0.019	0.014	7272.282
matrixMul	 997.484	0.260	103.898	0.037	0.042	246.037	0.067	0.031	256.193	0.025	5144.096	527.616	0.022	12.399	0.149	0.009	0.010	7288.375
matrixMul	 1007.195	0.282	103.864	0.036	0.048	244.025	0.067	0.032	359.451	0.022	8043.188	708.745	0.019	16.706	0.149	0.008	0.010	10483.847
matrixMul	 992.622	0.294	103.731	0.037	0.041	245.185	0.069	0.031	358.139	0.023	8041.967	707.459	0.022	16.760	0.152	0.009	0.010	10466.551
matrixMul	 951.697	0.290	99.832	0.035	0.041	243.807	0.064	0.031	356.093	0.013	8048.218	710.341	0.023	16.672	0.150	0.009	0.010	10427.326
nbody	 1001.516	0.041	99.420	0.037	0.088	540.981	0.046	0.061	0.148	0.008	28.561	1.094	0.021	0.237	0.000	0.009	0.006	1672.274
nbody	 964.922	0.072	104.147	0.034	0.082	545.210	0.047	0.065	0.148	0.007	28.845	1.189	0.020	0.252	0.000	0.009	0.013	1645.062
nbody	 990.431	0.123	104.307	0.031	0.081	543.493	0.047	0.061	0.148	0.009	28.737	1.114	0.020	0.236	0.000	0.008	0.007	1668.853
nbody	 1004.428	0.119	103.136	0.034	0.083	540.818	0.047	0.063	0.158	0.009	58.171	1.748	0.028	0.280	0.000	0.007	0.007	1709.136
nbody	 930.940	0.085	99.797	0.035	0.084	543.303	0.046	0.057	0.155	0.008	58.333	1.457	0.035	0.280	0.000	0.008	0.007	1634.630
nbody	 1005.697	0.039	103.855	0.035	0.085	542.632	0.045	0.074	0.157	0.008	58.112	1.427	0.022	0.281	0.000	0.008	0.007	1712.484
nbody	 942.806	0.043	99.401	0.035	0.084	538.907	0.046	0.064	0.173	0.009	98.553	1.688	0.022	0.311	0.000	0.008	0.007	1682.157
nbody	 935.167	0.040	103.696	0.035	0.096	542.958	0.048	0.063	0.151	0.008	98.281	1.660	0.021	0.302	0.000	0.008	0.008	1682.542
nbody	 917.218	0.067	99.909	0.034	0.084	542.124	0.046	0.061	0.176	0.008	98.313	1.715	0.028	0.279	0.000	0.009	0.007	1660.078
nbody	 950.642	0.045	99.591	0.035	0.087	540.460	0.047	0.062	0.188	0.009	149.555	2.036	0.023	0.441	0.000	0.009	0.007	1743.237
nbody	 1010.148	0.092	104.068	0.054	0.082	539.434	0.047	0.062	0.164	0.010	149.615	2.054	0.025	0.461	0.000	0.010	0.007	1806.333
nbody	 996.616	0.038	99.699	0.034	0.083	538.808	0.047	0.062	0.185	0.009	149.574	2.044	0.028	0.413	0.000	0.009	0.007	1787.656
nbody	 976.690	0.082	99.727	0.040	0.088	541.073	0.046	0.059	0.194	0.010	210.782	2.280	0.021	0.416	0.000	0.011	0.010	1831.529
nbody	 1001.479	0.040	99.771	0.035	0.093	542.152	0.048	0.064	0.186	0.009	211.016	2.194	0.025	0.413	0.000	0.008	0.008	1857.541
nbody	 1001.332	0.092	99.963	0.035	0.085	541.704	0.062	0.062	0.197	0.011	210.765	2.284	0.035	0.425	0.000	0.012	0.008	1857.072
nbody	 945.658	0.076	103.829	0.034	0.085	544.027	0.046	0.062	0.206	0.009	283.290	2.492	0.021	0.424	0.000	0.009	0.007	1880.275
nbody	 996.795	0.084	104.993	0.035	0.082	541.067	0.046	0.060	0.209	0.009	283.271	2.464	0.021	0.424	0.000	0.009	0.007	1929.576
nbody	 988.900	0.047	105.033	0.035	0.100	544.350	0.047	0.060	0.209	0.009	283.019	2.514	0.026	0.427	0.000	0.009	0.007	1924.792
nbody	 965.937	0.065	103.882	0.035	0.107	542.722	0.047	0.064	0.217	0.009	387.066	2.742	0.045	0.430	0.000	0.010	0.007	2003.385
nbody	 965.531	0.134	99.762	0.035	0.084	542.255	0.047	0.075	0.222	0.009	387.188	2.742	0.024	0.462	0.000	0.009	0.008	1998.587
nbody	 987.630	0.096	104.007	0.035	0.087	543.743	0.052	0.064	0.225	0.010	387.115	2.718	0.024	0.443	0.000	0.009	0.008	2026.266
SW	 985.988	0.279	103.809	0.049	0.045	253.547	0.085	0.056	5.105	0.811	204.319	0.520	0.020	12.365	0.180	0.009	0.008	1567.195
SW	 927.154	0.249	100.046	0.036	0.044	255.534	0.092	0.055	5.104	0.700	304.386	0.688	0.020	12.422	0.175	0.009	0.008	1606.722
SW	 988.813	0.267	100.074	0.037	0.046	256.051	0.082	0.054	4.946	0.632	204.556	0.501	0.018	12.315	0.174	0.009	0.008	1568.583
SW	 984.750	0.258	99.677	0.036	0.044	254.490	0.093	0.054	5.026	0.808	202.190	0.499	0.039	12.330	0.187	0.009	0.008	1560.498
SW	 1012.757	0.253	99.699	0.036	0.043	253.222	0.094	0.055	5.082	0.702	282.299	0.702	0.019	12.484	0.176	0.026	0.013	1667.662
SW	 990.838	0.255	103.969	0.036	0.044	253.217	0.082	0.053	15.727	1.323	633.728	0.721	0.021	13.803	0.174	0.009	0.007	2014.007
SW	 963.412	0.271	103.613	0.037	0.046	253.802	0.084	0.054	15.536	1.497	557.163	0.710	0.022	13.926	0.175	0.009	0.007	1910.364
SW	 990.362	0.268	104.119	0.037	0.046	253.332	0.082	0.053	15.645	1.471	522.774	0.669	0.022	13.841	0.173	0.009	0.007	1902.910
SW	 991.922	0.300	103.413	0.036	0.044	255.205	0.112	0.053	15.431	1.558	490.943	0.701	0.022	13.766	0.187	0.010	0.008	1873.711
SW	 958.246	0.266	103.620	0.036	0.045	254.851	0.080	0.054	15.468	1.303	417.407	0.520	0.019	13.665	0.173	0.009	0.007	1765.769
SW	 992.125	0.299	104.014	0.033	0.043	255.710	0.084	0.064	42.543	1.926	682.945	0.530	0.020	15.177	0.201	0.008	0.008	2095.730
SW	 968.618	0.266	103.679	0.036	0.044	254.253	0.107	0.055	41.718	2.068	986.318	0.701	0.022	15.783	0.178	0.009	0.008	2373.863
SW	 986.673	0.261	99.531	0.036	0.043	254.080	0.084	0.055	42.575	2.408	977.103	0.722	0.026	15.776	0.177	0.008	0.008	2379.566
SW	 987.963	0.264	99.665	0.036	0.044	254.085	0.101	0.074	42.736	2.082	963.134	0.786	0.023	15.829	0.177	0.009	0.008	2367.016
SW	 927.974	0.265	100.430	0.036	0.044	253.599	0.079	0.049	43.058	2.020	963.342	0.728	0.022	15.953	0.207	0.010	0.009	2307.825
SW	 993.235	0.252	101.201	0.037	0.043	254.368	0.088	0.055	72.079	2.706	848.217	0.547	0.020	17.774	0.177	0.008	0.008	2290.815
SW	 989.786	0.262	103.838	0.039	0.043	252.856	0.085	0.055	72.892	2.806	1289.147	0.583	0.022	18.642	0.179	0.010	0.008	2731.253
SW	 946.724	0.261	99.466	0.036	0.044	253.802	0.083	0.085	71.955	2.668	1291.238	0.684	0.022	18.699	0.210	0.009	0.008	2685.994
SW	 984.523	0.264	99.803	0.043	0.043	252.534	0.083	0.054	70.811	2.644	1341.393	0.627	0.023	18.637	0.183	0.009	0.008	2771.682
SW	 983.717	0.242	103.627	0.042	0.043	253.740	0.081	0.054	74.535	2.719	1325.308	0.730	0.023	18.620	0.177	0.009	0.008	2763.675
SW	 985.278	0.265	104.743	0.037	0.043	255.177	0.086	0.059	93.725	3.350	1636.030	0.695	0.021	22.148	0.179	0.011	0.008	3101.855
SW	 988.513	0.022	100.112	0.029	0.042	253.032	0.084	0.054	92.786	3.393	1407.890	0.791	0.023	22.249	0.198	0.010	0.007	2869.235
SW	 992.701	0.270	99.833	0.036	0.043	253.157	0.084	0.054	93.502	3.816	1521.874	0.587	0.021	21.400	0.179	0.010	0.007	2987.574
SW	 993.276	0.282	103.717	0.036	0.070	254.500	0.082	0.055	93.112	3.418	1620.259	0.701	0.022	22.118	0.177	0.010	0.008	3091.843
SW	 1016.215	0.040	103.541	0.028	0.043	253.999	0.087	0.059	90.600	3.222	1261.357	0.722	0.022	21.905	0.178	0.009	0.008	2752.035
SW	 993.233	0.258	103.787	0.040	0.043	253.316	0.082	0.055	156.221	4.072	1962.344	0.649	0.022	26.458	0.175	0.009	0.008	3500.772
SW	 926.930	0.268	104.154	0.037	0.043	253.002	0.079	0.057	134.686	3.916	2092.043	0.620	0.020	25.014	0.177	0.009	0.008	3541.063
SW	 994.478	0.260	99.789	0.034	0.042	255.151	0.078	0.048	157.313	3.990	2028.501	0.612	0.020	25.042	0.181	0.008	0.008	3565.555
SW	 991.785	0.264	103.905	0.034	0.041	252.414	0.079	0.049	160.862	4.096	1898.590	0.622	0.030	28.246	0.199	0.010	0.009	3441.235
SW	 990.633	0.250	287.765	0.043	0.044	256.000	0.089	0.066	166.300	3.956	1825.419	0.719	0.025	28.359	0.189	0.009	0.009	3559.875
SW	 994.304	0.039	293.316	0.035	0.043	256.067	0.099	0.060	176.501	4.572	2016.239	0.733	0.025	30.398	0.211	0.009	0.007	3772.658
SW	 999.248	0.253	99.731	0.037	0.043	254.345	0.094	0.048	179.337	4.690	2401.785	0.632	0.021	29.722	0.179	0.009	0.007	3970.181
SW	 987.033	0.021	104.051	0.028	0.042	253.811	0.079	0.047	170.598	4.621	2394.372	0.596	0.023	33.600	0.237	0.010	0.008	3949.177
SW	 936.552	0.023	289.092	0.038	0.045	254.966	0.090	0.063	172.158	5.571	2565.947	0.710	0.023	36.021	0.183	0.010	0.008	4261.500
SW	 948.791	0.259	290.396	0.045	0.045	256.370	0.088	0.063	169.557	4.704	2252.773	0.610	0.023	33.541	0.182	0.010	0.007	3957.464
matrixTran	 927.388	0.281	292.430	0.023	0.052	251.776	0.062	0.041	16.363	0.012	1.081	17.700	0.019	1.568	0.247	0.011	0.008	1509.062
matrixTran	 984.260	0.291	286.751	0.022	0.050	252.681	0.063	0.040	16.433	0.007	1.031	17.791	0.019	1.590	0.252	0.011	0.008	1561.300
matrixTran	 985.580	0.263	285.338	0.024	0.070	251.676	0.062	0.040	16.015	0.006	1.049	17.851	0.019	1.545	0.248	0.009	0.009	1559.804
matrixTran	 953.405	0.285	273.408	0.022	0.048	253.541	0.057	0.037	16.272	0.006	1.199	17.824	0.019	1.511	0.272	0.011	0.008	1517.925
matrixTran	 991.085	0.300	294.836	0.026	0.057	252.162	0.063	0.042	59.556	0.009	2.177	63.359	0.022	4.288	0.270	0.011	0.010	1668.273
matrixTran	 988.734	0.260	296.150	0.023	0.057	253.073	0.063	0.044	59.534	0.008	2.259	63.177	0.029	4.330	0.253	0.011	0.009	1668.014
matrixTran	 1013.302	0.270	290.738	0.023	0.060	252.900	0.065	0.042	59.601	0.008	2.218	63.151	0.021	4.275	0.253	0.011	0.009	1686.947
matrixTran	 995.429	0.270	285.808	0.022	0.095	253.736	0.073	0.043	59.540	0.008	2.205	63.358	0.022	4.352	0.263	0.011	0.009	1665.244
matrixTran	 1000.095	0.297	286.526	0.022	0.059	251.481	0.067	0.044	137.055	0.008	5.185	140.005	0.022	8.908	0.254	0.011	0.009	1830.048
matrixTran	 985.194	0.266	291.532	0.023	0.055	254.778	0.061	0.043	131.296	0.017	5.075	139.108	0.022	8.866	0.251	0.011	0.009	1816.607
matrixTran	 921.325	0.270	290.933	0.024	0.061	252.294	0.066	0.044	136.647	0.007	4.934	138.452	0.023	8.852	0.258	0.011	0.009	1754.210
matrixTran	 984.960	0.300	294.502	0.023	0.058	254.004	0.063	0.041	131.595	0.009	5.041	139.194	0.022	8.877	0.257	0.011	0.009	1818.966
matrixTran	 985.423	0.284	287.867	0.022	0.063	253.464	0.066	0.043	236.754	0.007	5.936	246.423	0.037	15.720	0.267	0.011	0.009	2032.396
matrixTran	 992.220	0.303	285.450	0.022	0.062	253.915	0.067	0.045	234.788	0.008	5.852	243.949	0.021	15.653	0.274	0.012	0.009	2032.650
matrixTran	 985.230	0.278	290.348	0.023	0.057	252.095	0.061	0.043	234.468	0.008	5.906	245.116	0.025	15.692	0.261	0.011	0.008	2029.630
matrixTran	 942.301	0.308	103.787	0.022	0.059	251.359	0.056	0.039	208.578	0.007	5.686	256.864	0.021	15.434	0.274	0.011	0.009	1784.815
matrixTran	 991.407	0.278	103.710	0.021	0.060	250.879	0.057	0.041	300.581	0.008	10.603	395.018	0.022	23.659	0.284	0.011	0.009	2076.648
matrixTran	 986.715	0.302	99.625	0.021	0.059	251.930	0.057	0.041	322.088	0.011	10.503	396.298	0.025	23.562	0.257	0.011	0.009	2091.514
matrixTran	 985.127	0.253	99.766	0.021	0.056	250.269	0.055	0.039	322.637	0.008	10.426	396.754	0.022	23.642	0.260	0.012	0.009	2089.356
matrixTran	 992.621	0.260	99.740	0.021	0.059	251.173	0.057	0.040	321.995	0.008	10.534	395.352	0.023	23.551	0.261	0.012	0.010	2095.717
matrixTran	 992.993	0.273	100.867	0.023	0.059	251.082	0.055	0.040	464.619	0.009	17.655	570.094	0.040	33.996	0.273	0.011	0.008	2432.097
matrixTran	 946.144	0.271	103.915	0.021	0.059	250.936	0.056	0.040	466.958	0.009	17.588	571.782	0.028	34.173	0.267	0.011	0.009	2392.267
---------------------------Mar9--------------------
matrixMul	 378.527	0.265	99.100	0.036	0.046	246.104	0.055	0.026	6.943	0.014	32.126	14.994	0.017	0.644	0.133	0.007	0.009	779.046
matrixMul	 346.934	0.241	98.622	0.035	0.040	243.740	0.067	0.028	7.093	0.017	31.732	14.438	0.016	0.619	0.134	0.008	0.010	743.774
matrixMul	 345.524	0.281	102.869	0.036	0.046	244.815	0.069	0.031	7.107	0.008	31.936	14.428	0.017	0.628	0.139	0.007	0.009	747.950
matrixMul	 347.575	0.263	99.624	0.037	0.041	244.555	0.060	0.031	27.548	0.011	213.589	56.763	0.017	1.663	0.162	0.008	0.010	991.957
matrixMul	 348.626	0.265	102.952	0.036	0.042	242.613	0.071	0.027	27.453	0.019	213.866	56.892	0.017	1.643	0.136	0.008	0.010	994.676
matrixMul	 346.195	0.202	102.413	0.035	0.041	242.866	0.062	0.030	27.106	0.014	214.120	55.452	0.018	1.645	0.139	0.008	0.009	990.355
matrixMul	 344.929	0.273	98.873	0.036	0.040	244.845	0.060	0.026	60.866	0.018	681.452	128.462	0.017	3.330	0.143	0.008	0.010	1563.388
matrixMul	 347.664	0.266	98.814	0.035	0.041	245.646	0.061	0.031	64.194	0.018	679.299	129.921	0.018	3.321	0.139	0.008	0.010	1569.486
matrixMul	 349.669	0.269	103.159	0.036	0.040	242.734	0.063	0.031	66.434	0.018	681.499	131.139	0.018	3.341	0.146	0.008	0.010	1578.614
matrixMul	 348.017	0.277	99.241	0.036	0.041	243.766	0.065	0.032	119.066	0.021	1595.558	232.362	0.020	5.690	0.152	0.008	0.010	2644.362
matrixMul	 348.242	0.273	103.446	0.035	0.042	245.530	0.068	0.031	120.304	0.023	1606.869	232.304	0.019	5.688	0.147	0.008	0.010	2663.039
matrixMul	 347.496	0.271	99.370	0.036	0.041	243.307	0.065	0.031	119.757	0.017	1607.442	231.794	0.019	5.674	0.174	0.009	0.014	2655.517
matrixMul	 350.733	0.261	99.473	0.036	0.043	242.689	0.072	0.031	180.614	0.023	3009.927	360.858	0.021	8.756	0.148	0.009	0.010	4253.704
matrixMul	 346.280	0.271	103.362	0.036	0.041	246.785	0.068	0.032	179.986	0.018	3007.866	357.374	0.020	8.712	0.153	0.008	0.010	4251.022
matrixMul	 346.008	0.265	103.550	0.036	0.042	244.024	0.063	0.031	171.732	0.019	3010.288	356.934	0.020	8.701	0.149	0.008	0.011	4241.881
matrixMul	 343.110	0.265	98.760	0.034	0.041	243.342	0.068	0.028	234.803	0.025	5137.988	511.291	0.023	12.403	0.154	0.009	0.010	6582.354
matrixMul	 349.789	0.268	100.003	0.035	0.040	245.322	0.064	0.031	255.252	0.018	5131.699	523.166	0.022	12.418	0.153	0.009	0.011	6618.300
matrixMul	 350.374	0.270	99.288	0.036	0.040	243.160	0.064	0.031	262.522	0.018	5135.539	522.744	0.022	12.430	0.152	0.009	0.011	6626.710
matrixMul	 352.720	0.023	99.640	0.030	0.042	244.456	0.067	0.031	351.946	0.020	8047.584	704.483	0.023	16.791	0.151	0.009	0.011	9818.027
matrixMul	 352.074	0.267	99.297	0.037	0.042	244.723	0.065	0.031	350.933	0.015	8046.009	706.807	0.023	16.759	0.150	0.008	0.011	9817.251
matrixMul	 348.413	0.260	98.872	0.042	0.040	245.474	0.070	0.032	350.099	0.021	8046.344	698.358	0.025	16.693	0.177	0.009	0.011	9804.940
nbody	 343.683	0.155	103.918	0.031	0.095	539.675	0.039	0.057	0.181	0.008	28.677	1.058	0.026	0.250	0.000	0.008	0.007	1017.868
nbody	 344.866	0.045	103.086	0.035	0.082	541.713	0.044	0.061	0.147	0.009	28.750	1.210	0.020	0.260	0.000	0.008	0.007	1020.343
nbody	 347.686	0.039	103.938	0.035	0.083	544.878	0.044	0.059	0.150	0.008	28.530	1.439	0.022	0.229	0.000	0.007	0.006	1027.153
nbody	 346.151	0.037	103.946	0.034	0.084	539.443	0.045	0.063	0.157	0.009	58.234	1.841	0.021	0.309	0.000	0.008	0.007	1050.389
nbody	 343.155	0.040	103.723	0.037	0.081	537.645	0.046	0.061	0.153	0.009	58.064	1.445	0.021	0.284	0.000	0.008	0.007	1044.779
nbody	 348.830	0.042	103.743	0.037	0.083	540.472	0.045	0.067	0.155	0.008	57.972	1.425	0.021	0.282	0.000	0.008	0.007	1053.197
nbody	 347.633	0.096	99.657	0.030	0.083	539.549	0.040	0.053	0.169	0.007	98.672	1.781	0.020	0.283	0.000	0.008	0.007	1088.088
nbody	 351.045	0.091	103.357	0.036	0.087	540.207	0.046	0.061	0.162	0.009	98.427	1.694	0.021	0.284	0.000	0.008	0.007	1095.542
nbody	 342.796	0.042	98.847	0.035	0.085	539.802	0.054	0.064	0.146	0.009	98.347	1.657	0.022	0.295	0.000	0.009	0.007	1082.217
nbody	 347.105	0.088	103.509	0.046	0.085	539.466	0.047	0.067	0.178	0.010	149.438	1.993	0.030	0.404	0.000	0.008	0.007	1142.481
nbody	 346.368	0.115	103.156	0.035	0.093	542.808	0.056	0.062	0.185	0.008	149.680	1.902	0.024	0.438	0.000	0.008	0.008	1144.946
nbody	 348.764	0.066	103.098	0.034	0.083	539.204	0.048	0.060	0.179	0.009	149.506	1.952	0.029	0.401	0.000	0.008	0.007	1143.448
nbody	 347.635	0.123	98.610	0.034	0.082	539.080	0.041	0.052	0.195	0.009	211.003	2.285	0.024	0.420	0.000	0.008	0.007	1199.608
nbody	 349.399	0.126	103.151	0.034	0.083	540.447	0.052	0.054	0.205	0.008	210.993	2.230	0.022	0.431	0.000	0.008	0.009	1207.252
nbody	 350.680	0.059	98.996	0.035	0.084	539.684	0.047	0.060	0.195	0.008	210.912	2.176	0.023	0.438	0.000	0.009	0.010	1203.416
nbody	 348.505	0.043	99.010	0.036	0.086	538.465	0.049	0.060	0.206	0.009	282.888	2.425	0.025	0.441	0.000	0.009	0.008	1272.265
nbody	 348.546	0.135	102.709	0.035	0.102	538.742	0.053	0.062	0.207	0.008	283.115	2.503	0.025	0.416	0.000	0.009	0.007	1276.674
nbody	 345.212	0.108	98.391	0.039	0.083	542.316	0.047	0.082	0.233	0.009	283.082	2.483	0.023	0.437	0.000	0.009	0.008	1272.562
nbody	 347.486	0.143	103.329	0.031	0.084	542.615	0.055	0.054	0.229	0.008	386.917	2.761	0.025	0.433	0.000	0.009	0.008	1384.187
nbody	 350.924	0.039	99.235	0.035	0.084	538.574	0.050	0.057	0.211	0.017	386.683	2.631	0.025	0.440	0.000	0.012	0.008	1379.025
nbody	 377.134	0.084	99.154	0.035	0.085	539.050	0.051	0.059	0.214	0.011	387.038	2.719	0.024	0.418	0.000	0.008	0.012	1406.096
SW	 364.584	0.268	99.054	0.036	0.050	252.196	0.082	0.055	5.037	0.676	206.002	0.513	0.017	12.380	0.172	0.008	0.008	941.138
SW	 342.637	0.259	102.788	0.035	0.044	256.112	0.084	0.056	5.002	0.707	298.102	0.668	0.029	12.376	0.177	0.009	0.008	1019.093
SW	 351.757	0.256	99.396	0.036	0.044	252.379	0.082	0.054	4.938	0.764	294.330	0.660	0.020	12.410	0.172	0.009	0.007	1017.314
SW	 346.843	0.249	99.126	0.036	0.043	254.974	0.082	0.054	4.997	0.655	229.859	0.736	0.020	12.439	0.173	0.008	0.008	950.302
SW	 345.006	0.257	103.423	0.041	0.044	254.005	0.098	0.055	4.973	0.729	300.682	0.655	0.019	12.387	0.176	0.009	0.008	1022.567
SW	 347.075	0.271	103.563	0.036	0.044	252.983	0.080	0.055	15.377	1.252	662.947	0.641	0.022	13.685	0.175	0.008	0.007	1398.221
SW	 343.032	0.270	99.383	0.036	0.044	253.014	0.082	0.053	15.299	1.441	423.347	0.524	0.019	13.555	0.171	0.008	0.008	1150.286
SW	 345.331	0.254	102.711	0.035	0.043	253.612	0.082	0.054	14.957	1.360	423.541	0.477	0.022	13.543	0.182	0.009	0.007	1156.220
SW	 347.659	0.206	98.670	0.048	0.044	253.816	0.081	0.056	14.977	1.286	589.288	0.631	0.021	13.667	0.177	0.009	0.007	1320.643
SW	 347.832	0.281	103.333	0.033	0.041	255.062	0.077	0.046	15.578	1.341	638.914	0.673	0.020	13.689	0.178	0.009	0.007	1377.114
SW	 349.867	0.273	99.470	0.036	0.043	253.385	0.083	0.057	41.680	1.961	921.516	0.594	0.020	15.221	0.174	0.008	0.008	1684.396
SW	 349.637	0.273	103.384	0.036	0.043	255.140	0.083	0.048	42.318	1.991	949.818	0.664	0.020	15.323	0.179	0.008	0.008	1718.973
SW	 346.664	0.275	99.369	0.036	0.043	253.321	0.077	0.047	40.694	1.876	974.926	0.635	0.020	15.247	0.187	0.013	0.008	1733.438
SW	 346.881	0.034	103.774	0.030	0.044	253.789	0.079	0.048	40.132	2.158	757.913	0.510	0.020	15.343	0.174	0.008	0.007	1520.944
SW	 345.326	0.257	99.378	0.034	0.042	252.723	0.079	0.045	39.459	1.958	895.531	0.665	0.021	15.780	0.181	0.008	0.008	1651.495
SW	 342.407	0.269	103.546	0.034	0.042	254.365	0.082	0.053	66.909	2.743	1287.387	0.678	0.023	17.890	0.179	0.008	0.008	2076.623
SW	 350.208	0.263	103.528	0.036	0.041	255.367	0.080	0.052	67.396	2.979	1286.646	0.698	0.020	17.831	0.182	0.008	0.008	2085.343
SW	 349.258	0.228	103.291	0.036	0.043	251.787	0.097	0.048	67.825	2.617	1321.651	0.631	0.020	17.790	0.207	0.008	0.007	2115.544
SW	 349.209	0.259	103.392	0.036	0.050	253.528	0.079	0.053	72.193	2.619	1261.116	0.677	0.024	19.952	0.198	0.010	0.009	2063.404
SW	 345.178	0.263	287.168	0.049	0.044	255.437	0.086	0.060	74.969	2.575	908.699	0.538	0.021	19.555	0.182	0.009	0.008	1894.841
SW	 348.874	0.267	288.877	0.043	0.045	255.309	0.102	0.062	90.564	3.825	1534.161	0.572	0.021	22.787	0.187	0.010	0.008	2545.714
SW	 348.009	0.229	286.067	0.046	0.046	255.007	0.086	0.063	92.081	3.438	1793.052	0.651	0.023	23.241	0.181	0.010	0.008	2802.238
SW	 347.512	0.265	99.395	0.039	0.040	252.957	0.079	0.047	92.403	3.991	1658.088	0.608	0.021	21.090	0.179	0.009	0.008	2476.731
SW	 346.309	0.265	99.602	0.057	0.043	254.974	0.082	0.065	92.594	3.274	1751.580	0.723	0.022	22.094	0.176	0.009	0.007	2571.876
SW	 348.754	0.256	99.403	0.045	0.043	254.536	0.078	0.047	92.824	3.576	1596.527	0.676	0.020	21.067	0.181	0.011	0.007	2418.051
SW	 352.440	0.256	100.329	0.042	0.043	256.035	0.080	0.054	130.141	3.852	1803.215	0.694	0.024	25.939	0.208	0.009	0.009	2673.370
SW	 344.535	0.276	286.685	0.044	0.045	254.072	0.086	0.062	166.864	3.975	2097.037	0.608	0.022	25.555	0.184	0.009	0.009	3180.068
SW	 349.235	0.259	283.973	0.044	0.048	253.665	0.087	0.062	166.637	3.985	1761.493	0.646	0.029	28.214	0.186	0.010	0.008	2848.581
SW	 352.797	0.263	103.388	0.034	0.042	255.093	0.078	0.046	134.433	4.375	1999.433	0.597	0.024	25.118	0.176	0.009	0.007	2875.913
SW	 349.239	0.261	103.530	0.034	0.041	254.437	0.080	0.048	128.970	4.143	1717.915	0.621	0.021	25.092	0.190	0.009	0.007	2584.638
SW	 346.295	0.253	103.606	0.033	0.042	252.760	0.081	0.055	165.951	4.645	2318.486	0.722	0.021	29.881	0.178	0.009	0.007	3223.025
SW	 347.839	0.273	103.565	0.037	0.043	251.115	0.097	0.049	177.512	4.737	2409.608	0.590	0.021	29.823	0.176	0.009	0.007	3325.501
SW	 343.773	0.282	103.580	0.035	0.043	254.991	0.081	0.072	177.253	5.393	2314.538	0.625	0.021	29.754	0.177	0.010	0.007	3230.635
SW	 348.253	0.259	103.607	0.034	0.043	254.020	0.078	0.047	176.707	4.651	2261.721	0.499	0.021	29.461	0.177	0.008	0.007	3179.593
SW	 349.455	0.273	99.592	0.036	0.043	252.989	0.079	0.050	178.439	4.835	2273.207	0.749	0.021	29.755	0.180	0.009	0.008	3189.720
matrixTran	 345.016	0.257	103.844	0.021	0.048	252.157	0.052	0.037	15.685	0.007	1.266	17.126	0.018	1.773	0.239	0.011	0.008	737.565
matrixTran	 347.525	0.287	103.785	0.022	0.048	250.360	0.051	0.046	15.729	0.006	1.132	16.916	0.018	1.725	0.267	0.015	0.012	737.944
matrixTran	 354.848	0.283	103.620	0.021	0.053	251.823	0.053	0.040	15.683	0.007	1.203	17.035	0.019	1.698	0.242	0.011	0.008	746.647
matrixTran	 344.905	0.280	99.504	0.021	0.044	251.406	0.048	0.038	15.594	0.005	1.254	17.112	0.020	1.724	0.252	0.011	0.008	732.226
matrixTran	 347.878	0.268	103.614	0.022	0.056	250.142	0.054	0.040	56.882	0.008	2.116	63.418	0.023	4.707	0.247	0.017	0.009	829.501
matrixTran	 347.798	0.278	103.451	0.021	0.058	251.198	0.051	0.039	57.099	0.008	2.128	63.441	0.021	4.709	0.249	0.017	0.008	830.574
matrixTran	 344.658	0.282	103.731	0.026	0.078	249.659	0.050	0.038	57.129	0.008	2.339	63.206	0.022	4.681	0.251	0.010	0.008	826.176
matrixTran	 347.664	0.286	99.756	0.020	0.056	249.324	0.055	0.038	57.202	0.008	2.336	63.089	0.021	4.661	0.243	0.015	0.008	824.782
matrixTran	 343.186	0.275	99.700	0.022	0.054	250.793	0.050	0.039	126.335	0.009	5.143	140.461	0.022	9.125	0.247	0.011	0.009	975.481
matrixTran	 346.658	0.284	99.863	0.021	0.057	251.886	0.056	0.040	126.537	0.009	5.194	140.079	0.023	9.148	0.246	0.011	0.008	980.120
matrixTran	 349.797	0.290	285.439	0.035	0.058	252.580	0.073	0.042	133.593	0.008	5.095	140.089	0.022	8.825	0.252	0.011	0.010	1176.219
matrixTran	 349.874	0.278	282.146	0.022	0.059	252.168	0.063	0.042	138.903	0.007	4.983	139.660	0.022	8.808	0.256	0.011	0.009	1177.311
matrixTran	 349.935	0.280	290.705	0.022	0.060	252.980	0.065	0.042	240.271	0.008	5.834	245.157	0.023	15.714	0.304	0.011	0.009	1401.420
matrixTran	 349.381	0.286	285.099	0.030	0.061	251.839	0.066	0.042	239.705	0.008	5.920	245.984	0.021	15.666	0.287	0.011	0.013	1394.419
matrixTran	 349.015	0.282	287.421	0.023	0.059	251.820	0.065	0.044	240.626	0.008	5.835	246.393	0.021	15.660	0.253	0.011	0.010	1397.546
matrixTran	 346.418	0.260	292.258	0.022	0.059	253.960	0.063	0.041	240.028	0.008	5.857	244.933	0.022	15.589	0.263	0.012	0.009	1399.802
matrixTran	 347.982	0.286	288.789	0.022	0.059	253.589	0.066	0.044	371.150	0.013	10.728	377.340	0.025	23.955	0.261	0.011	0.010	1674.330
matrixTran	 346.965	0.284	287.233	0.025	0.062	253.941	0.067	0.045	372.432	0.009	10.767	380.879	0.023	24.059	0.285	0.011	0.009	1677.096
matrixTran	 346.875	0.287	289.382	0.022	0.058	253.234	0.070	0.044	384.691	0.009	10.770	396.571	0.026	24.739	0.293	0.024	0.009	1707.104
matrixTran	 345.729	0.261	103.617	0.021	0.057	254.532	0.054	0.043	318.423	0.008	10.516	392.923	0.023	23.376	0.270	0.011	0.008	1449.872
matrixTran	 349.492	0.280	99.680	0.021	0.064	250.031	0.055	0.041	455.763	0.009	17.662	561.294	0.023	33.770	0.274	0.012	0.009	1768.480
matrixTran	 351.083	0.273	99.564	0.027	0.061	250.845	0.055	0.039	450.430	0.009	17.806	560.626	0.023	33.953	0.261	0.011	0.009	1765.075
matrixTran	 345.509	0.283	103.560	0.023	0.060	251.148	0.055	0.039	451.517	0.008	17.707	562.763	0.023	33.688	0.266	0.011	0.010	1766.670
matrixTran	 348.888	0.308	103.789	0.025	0.060	253.228	0.051	0.040	461.064	0.010	17.616	569.253	0.024	33.802	0.254	0.011	0.009	1788.432
matrixTran	 349.909	0.268	99.787	0.021	0.061	250.128	0.054	0.040	623.199	0.010	18.022	771.986	0.023	45.488	0.272	0.012	0.009	2159.289
matrixTran	 351.816	0.302	103.798	0.023	0.060	250.307	0.067	0.043	626.931	0.011	18.178	770.298	0.029	45.583	0.285	0.012	0.010	2167.753
matrixTran	 346.804	0.291	103.573	0.021	0.059	251.369	0.069	0.041	625.670	0.008	18.050	765.625	0.025	45.578	0.261	0.012	0.008	2157.464
matrixTran	 350.647	0.273	102.778	0.020	0.063	249.450	0.062	0.041	623.194	0.009	18.115	757.989	0.026	45.544	0.254	0.011	0.009	2148.485
matrixTran	 347.000	0.282	104.149	0.022	0.049	252.330	0.056	0.040	13.713	0.007	1.022	17.411	0.023	1.457	0.245	0.010	0.009	737.825
matrixTran	 342.508	0.269	99.532	0.021	0.046	250.646	0.051	0.037	13.719	0.006	1.150	17.282	0.019	1.509	0.237	0.010	0.008	727.050
matrixTran	 347.153	0.295	103.542	0.021	0.052	251.191	0.052	0.037	13.673	0.006	1.035	17.315	0.019	1.507	0.237	0.010	0.008	736.153
matrixTran	 348.589	0.259	103.502	0.021	0.046	250.871	0.052	0.037	13.711	0.006	1.048	17.395	0.018	1.516	0.244	0.009	0.009	737.333
matrixTran	 348.547	0.278	99.381	0.021	0.055	251.884	0.054	0.039	51.536	0.008	1.997	64.210	0.022	4.237	0.253	0.010	0.008	822.540
matrixTran	 348.101	0.271	98.907	0.021	0.054	251.212	0.054	0.038	51.130	0.007	1.925	63.632	0.021	4.218	0.243	0.011	0.009	819.854
matrixTran	 348.789	0.280	99.344	0.023	0.057	252.698	0.066	0.040	51.670	0.007	2.085	64.470	0.021	4.204	0.251	0.010	0.008	824.023
matrixTran	 348.615	0.279	99.205	0.021	0.056	249.381	0.053	0.042	51.666	0.008	2.048	64.381	0.022	4.199	0.255	0.011	0.009	820.251
matrixTran	 344.223	0.293	103.332	0.021	0.054	252.398	0.055	0.039	114.393	0.009	5.039	143.062	0.022	8.616	0.241	0.011	0.008	971.816
matrixTran	 345.218	0.274	99.388	0.021	0.059	249.838	0.054	0.038	114.980	0.009	4.971	143.292	0.022	8.612	0.274	0.012	0.008	967.070
matrixTran	 347.367	0.276	103.466	0.033	0.071	252.179	0.055	0.040	114.719	0.009	5.000	143.170	0.021	8.711	0.248	0.011	0.008	975.384
matrixTran	 347.142	0.255	103.638	0.022	0.058	249.471	0.053	0.040	114.797	0.009	4.977	143.706	0.023	8.630	0.251	0.011	0.008	973.091
matrixTran	 351.426	0.288	99.558	0.021	0.058	249.455	0.056	0.061	207.257	0.010	5.701	254.135	0.022	15.283	0.254	0.011	0.008	1183.604
matrixTran	 344.987	0.279	99.279	0.021	0.060	251.586	0.056	0.063	207.497	0.007	5.655	254.358	0.023	15.334	0.287	0.012	0.008	1179.512
matrixTran	 347.546	0.278	99.307	0.021	0.059	250.434	0.062	0.052	206.951	0.008	5.697	254.900	0.021	15.428	0.269	0.011	0.009	1181.053
matrixTran	 350.251	0.302	99.736	0.023	0.062	249.877	0.065	0.039	205.727	0.009	5.810	254.243	0.024	15.286	0.253	0.011	0.009	1181.727
matrixTran	 349.520	0.269	98.938	0.021	0.059	250.389	0.053	0.044	316.309	0.008	10.504	390.250	0.024	23.376	0.250	0.011	0.010	1440.035
matrixTran	 346.391	0.301	99.353	0.022	0.065	251.584	0.056	0.038	316.775	0.009	10.450	391.555	0.022	23.304	0.274	0.012	0.008	1440.219
matrixTran	 343.977	0.277	103.544	0.022	0.064	250.953	0.075	0.039	315.207	0.009	10.352	389.297	0.023	23.454	0.253	0.012	0.008	1437.566
matrixTran	 346.940	0.264	103.004	0.021	0.057	251.625	0.055	0.046	310.809	0.008	10.575	387.248	0.021	23.381	0.250	0.011	0.009	1434.324
matrixTran	 349.439	0.301	99.382	0.021	0.059	250.571	0.055	0.049	455.585	0.008	17.658	566.367	0.022	33.702	0.274	0.012	0.009	1773.514
matrixTran	 350.828	0.282	103.454	0.026	0.062	249.635	0.061	0.039	464.067	0.008	17.793	568.689	0.027	33.714	0.264	0.012	0.009	1788.970
matrixTran	 347.928	0.265	99.576	0.021	0.057	250.138	0.061	0.039	463.766	0.009	17.762	571.488	0.023	33.712	0.258	0.014	0.011	1785.128
matrixTran	 348.483	0.284	103.532	0.023	0.061	250.983	0.071	0.040	461.944	0.008	17.787	568.829	0.031	33.756	0.253	0.011	0.009	1786.105
matrixTran	 349.209	0.288	102.981	0.021	0.061	250.564	0.055	0.040	620.452	0.010	18.162	764.864	0.024	45.462	0.257	0.011	0.008	2152.469
matrixTran	 348.917	0.280	99.673	0.021	0.065	250.266	0.054	0.041	621.505	0.011	18.113	762.760	0.025	45.524	0.257	0.011	0.009	2147.532
matrixTran	 354.271	0.284	103.260	0.021	0.069	249.885	0.058	0.040	623.076	0.010	18.043	756.241	0.027	45.532	0.255	0.011	0.009	2151.092
matrixTran	 349.653	0.312	103.768	0.021	0.060	250.414	0.058	0.041	626.658	0.009	18.066	768.565	0.023	45.499	0.259	0.012	0.008	2163.426
