CPU0: non-blocking, GPU0
512.0KB	30	1.337	1.367
512.0KB	30	1.255	1.405
512.0KB	30	1.293	1.344
1024.0KB	30	1.135	1.282
1024.0KB	30	1.245	1.274
1024.0KB	30	1.249	1.277
1536.0KB	30	2.079	2.312
1536.0KB	30	2.081	2.313
1536.0KB	30	2.073	2.317
2047.0KB	30	1.833	2.502
2047.0KB	30	1.801	2.515
2047.0KB	30	1.794	2.516
2048.0KB	30	1.820	2.169
2048.0KB	30	1.815	2.154
2048.0KB	30	1.819	2.156
4096.0KB	30	2.396	2.409
4096.0KB	30	2.395	2.418
4096.0KB	30	2.409	2.411
8192.0KB	30	2.629	2.565
8192.0KB	30	2.626	2.573
8192.0KB	30	2.631	2.560
16384.0KB	30	2.796	2.644
16384.0KB	30	2.796	2.654
16384.0KB	30	2.799	2.654
32768.0KB	30	2.920	2.692
32768.0KB	30	2.921	2.690
32768.0KB	30	2.917	2.690
GPU 1
512.0KB	30	0.995	0.886
512.0KB	30	1.004	0.800
512.0KB	30	1.003	0.795
1024.0KB	30	1.067	1.033
1024.0KB	30	1.073	1.047
1024.0KB	30	1.058	1.052
1536.0KB	30	1.688	2.125
1536.0KB	30	1.692	2.129
1536.0KB	30	1.713	2.113
2047.0KB	30	1.548	2.346
2047.0KB	30	1.540	2.350
2047.0KB	30	1.536	2.339
2048.0KB	30	1.567	2.043
2048.0KB	30	1.514	2.033
2048.0KB	30	1.570	2.050
4096.0KB	30	2.299	2.335
4096.0KB	30	2.295	2.330
4096.0KB	30	2.288	2.331
8192.0KB	30	2.566	2.518
8192.0KB	30	2.571	2.521
8192.0KB	30	2.568	2.522
16384.0KB	30	2.798	2.622
16384.0KB	30	2.795	2.619
16384.0KB	30	2.791	2.616
32768.0KB	30	2.902	2.671
32768.0KB	30	2.902	2.668
32768.0KB	30	2.900	2.669
CPU1, non-blocking GPU0
512.0KB	30	0.665	0.635
512.0KB	30	0.677	0.632
512.0KB	30	0.681	0.631
1024.0KB	30	0.731	0.786
1024.0KB	30	0.709	0.786
1024.0KB	30	0.705	0.786
1536.0KB	30	1.127	1.544
1536.0KB	30	1.121	1.553
1536.0KB	30	1.122	1.550
2047.0KB	30	1.050	1.396
2047.0KB	30	0.908	1.431
2047.0KB	30	0.909	1.438
2048.0KB	30	0.904	1.392
2048.0KB	30	0.902	1.400
2048.0KB	30	1.050	1.390
4096.0KB	30	1.401	1.716
4096.0KB	30	1.401	1.712
4096.0KB	30	1.405	1.707
8192.0KB	30	1.515	1.922
8192.0KB	30	1.521	1.922
8192.0KB	30	1.515	1.933
16384.0KB	30	1.574	2.050
16384.0KB	30	1.570	2.051
16384.0KB	30	1.569	2.050
32768.0KB	30	1.608	2.122
32768.0KB	30	1.606	2.122
32768.0KB	30	1.607	2.123
GPU1
512.0KB	30	0.629	0.625
512.0KB	30	0.680	0.620
512.0KB	30	0.651	0.623
1024.0KB	30	0.705	0.789
1024.0KB	30	0.718	0.786
1024.0KB	30	0.644	0.775
1536.0KB	30	1.098	1.534
1536.0KB	30	1.097	1.530
1536.0KB	30	1.095	1.523
2047.0KB	30	0.899	1.394
2047.0KB	30	1.040	1.389
2047.0KB	30	0.895	1.397
2048.0KB	30	0.902	1.393
2048.0KB	30	1.051	1.372
2048.0KB	30	1.051	1.369
4096.0KB	30	1.406	1.697
4096.0KB	30	1.367	1.706
4096.0KB	30	1.398	1.691
8192.0KB	30	1.499	1.915
8192.0KB	30	1.498	1.920
8192.0KB	30	1.499	1.914
16384.0KB	30	1.567	2.048
16384.0KB	30	1.567	2.050
16384.0KB	30	1.568	2.048
32768.0KB	30	1.607	2.119
32768.0KB	30	1.605	2.122
32768.0KB	30	1.607	2.120
---------blocking-------------
CPU0, GPU0
512.0KB	30	1.243	1.158
512.0KB	30	1.247	1.176
512.0KB	30	1.133	1.133
1024.0KB	30	1.213	1.210
1024.0KB	30	1.121	1.161
1024.0KB	30	1.219	1.177
1536.0KB	30	1.932	2.249
1536.0KB	30	1.937	2.251
1536.0KB	30	1.664	2.236
2047.0KB	30	1.757	2.457
2047.0KB	30	1.750	2.447
2047.0KB	30	1.899	2.453
2048.0KB	30	1.755	2.114
2048.0KB	30	1.943	2.108
2048.0KB	30	1.747	2.096
4096.0KB	30	2.327	2.377
4096.0KB	30	2.322	2.374
4096.0KB	30	2.336	2.383
8192.0KB	30	2.577	2.550
8192.0KB	30	2.573	2.530
8192.0KB	30	2.571	2.541
16384.0KB	30	2.790	2.628
16384.0KB	30	2.788	2.628
16384.0KB	30	2.794	2.623
32768.0KB	30	2.889	2.668
32768.0KB	30	2.896	2.664
32768.0KB	30	2.896	2.665
CPU1, GPU0
512.0KB	30	0.576	0.570
512.0KB	30	0.555	0.561
512.0KB	30	0.589	0.584
1024.0KB	30	0.656	0.732
1024.0KB	30	0.658	0.739
1024.0KB	30	0.658	0.730
1536.0KB	30	0.858	1.534
1536.0KB	30	1.024	1.542
1536.0KB	30	1.022	1.543
2047.0KB	30	0.863	1.354
2047.0KB	30	0.990	1.288
2047.0KB	30	0.977	1.328
2048.0KB	30	0.983	1.286
2048.0KB	30	0.867	1.300
2048.0KB	30	0.987	1.305
4096.0KB	30	1.366	1.634
4096.0KB	30	1.368	1.633
4096.0KB	30	1.367	1.632
8192.0KB	30	1.481	1.866
8192.0KB	30	1.480	1.865
8192.0KB	30	1.467	1.878
16384.0KB	30	1.561	2.021
16384.0KB	30	1.561	2.021
16384.0KB	30	1.557	2.020
32768.0KB	30	1.602	2.103
32768.0KB	30	1.602	2.103
32768.0KB	30	1.601	2.104
---------Remote-----------------------
remote, CPU0, local CPU0, non-blocking
512.0KB	30	0.886	0.668
512.0KB	30	0.915	0.696
512.0KB	30	0.885	0.701
1024.0KB	30	1.436	0.513
1024.0KB	30	0.986	0.710
1024.0KB	30	1.016	0.733
2047.0KB	30	1.495	1.094
2047.0KB	30	1.277	1.262
2047.0KB	30	1.523	0.856
2048.0KB	30	0.689	0.530
2048.0KB	30	0.697	0.534
2048.0KB	30	0.702	0.530
4096.0KB	30	0.833	0.549
4096.0KB	30	0.832	0.548
4096.0KB	30	0.833	0.548
8192.0KB	30	0.829	0.561
8192.0KB	30	0.823	0.556
8192.0KB	30	0.815	0.555
16384.0KB	30	0.845	0.568
16384.0KB	30	0.827	0.561
16384.0KB	30	0.862	0.574
32768.0KB	30	0.919	0.568
32768.0KB	30	0.987	0.566
32768.0KB	30	0.926	0.561
remote CPU 1, local CPU0, non-blocking
512.0KB	30	0.696	0.575
512.0KB	30	0.618	0.556
512.0KB	30	0.783	0.586
1024.0KB	30	0.818	0.646
1024.0KB	30	1.170	0.268
1024.0KB	30	0.911	0.662
2047.0KB	30	1.098	1.048
2047.0KB	30	1.068	0.844
2047.0KB	30	1.066	1.143
2048.0KB	30	0.605	0.587
2048.0KB	30	0.583	0.589
2048.0KB	30	0.580	0.588
4096.0KB	30	0.687	0.630
4096.0KB	30	0.686	0.635
4096.0KB	30	0.686	0.633
8192.0KB	30	0.730	0.645
8192.0KB	30	0.706	0.628
8192.0KB	30	0.706	0.636
16384.0KB	30	0.743	0.634
16384.0KB	30	0.731	0.626
16384.0KB	30	0.737	0.636
32768.0KB	30	0.793	0.605
32768.0KB	30	0.744	0.607
32768.0KB	30	0.890	0.602
remote CPU 1, local CPU 0, non-blocking
512.0KB	30	0.737	0.566
512.0KB	30	0.659	0.573
512.0KB	30	0.710	0.574
1024.0KB	30	1.314	0.269
1024.0KB	30	0.822	0.644
1024.0KB	30	0.807	0.648
2047.0KB	30	0.939	1.166
2047.0KB	30	0.924	1.087
2047.0KB	30	1.044	1.119
2048.0KB	30	0.581	0.581
2048.0KB	30	0.565	0.580
2048.0KB	30	0.565	0.579
4096.0KB	30	0.686	0.621
4096.0KB	30	0.683	0.626
4096.0KB	30	0.685	0.622
8192.0KB	30	0.706	0.634
8192.0KB	30	0.699	0.635
8192.0KB	30	0.710	0.633
16384.0KB	30	0.757	0.637
16384.0KB	30	0.731	0.624
16384.0KB	30	0.750	0.636
32768.0KB	30	0.825	0.609
32768.0KB	30	0.825	0.605
32768.0KB	30	0.749	0.603
remote CPU 1, local CPU 1, non-blocking
512.0KB	30	0.832	0.507
512.0KB	30	0.758	0.467
512.0KB	30	1.052	0.301
1024.0KB	30	0.844	0.648
1024.0KB	30	0.850	0.622
1024.0KB	30	0.863	0.650
2047.0KB	30	0.880	1.305
2047.0KB	30	0.872	1.292
2047.0KB	30	0.871	1.268
2048.0KB	30	0.572	0.587
2048.0KB	30	0.564	0.589
2048.0KB	30	0.615	0.592
4096.0KB	30	0.686	0.636
4096.0KB	30	0.687	0.638
4096.0KB	30	0.688	0.638
8192.0KB	30	0.711	0.646
8192.0KB	30	0.709	0.650
8192.0KB	30	0.730	0.656
16384.0KB	30	0.739	0.637
16384.0KB	30	0.725	0.642
16384.0KB	30	0.759	0.656
32768.0KB	30	0.741	0.630
32768.0KB	30	0.745	0.628
32768.0KB	30	0.748	0.623
----------------------------------

remote CPU 0, local CPU 0, blocking
512.0KB	30	1.232	0.551
512.0KB	30	1.184	0.454
512.0KB	30	0.899	0.703
1024.0KB	30	1.070	0.716
1024.0KB	30	1.034	0.715
1024.0KB	30	1.002	0.720
2047.0KB	30	1.244	1.405
2047.0KB	30	1.193	1.400
2047.0KB	30	1.208	1.238
2048.0KB	30	0.694	0.538
2048.0KB	30	0.711	0.538
2048.0KB	30	0.695	0.535
4096.0KB	30	0.856	0.555
4096.0KB	30	0.855	0.561
4096.0KB	30	0.858	0.561
8192.0KB	30	0.923	0.558
8192.0KB	30	0.882	0.556
8192.0KB	30	0.876	0.559
16384.0KB	30	0.946	0.568
16384.0KB	30	0.918	0.558
16384.0KB	30	0.932	0.564
32768.0KB	30	0.930	0.560
32768.0KB	30	0.944	0.559
32768.0KB	30	0.943	0.564
remote CPU 0, local CPU 1, blocking
512.0KB	30	0.511	0.553
512.0KB	30	0.529	0.555
512.0KB	30	0.521	0.553
1024.0KB	30	0.633	0.698
1024.0KB	30	0.630	0.699
1024.0KB	30	0.615	0.696
2047.0KB	30	0.866	1.002
2047.0KB	30	0.869	1.003
2047.0KB	30	0.868	1.002
2048.0KB	30	0.540	0.473
2048.0KB	30	0.541	0.478
2048.0KB	30	0.542	0.477
4096.0KB	30	0.594	0.508
4096.0KB	30	0.595	0.509
4096.0KB	30	0.598	0.510
8192.0KB	30	0.626	0.526
8192.0KB	30	0.628	0.524
8192.0KB	30	0.617	0.520
16384.0KB	30	0.633	0.528
16384.0KB	30	0.634	0.531
16384.0KB	30	0.632	0.529
32768.0KB	30	0.644	0.538
32768.0KB	30	0.642	0.539
32768.0KB	30	0.640	0.535
remote CPU 1, local CPU 1, blocking
512.0KB	30	0.439	0.448
512.0KB	30	0.407	0.456
512.0KB	30	0.410	0.454
1024.0KB	30	0.491	0.558
1024.0KB	30	0.487	0.558
1024.0KB	30	0.524	0.561
2047.0KB	30	0.684	0.884
2047.0KB	30	0.667	0.883
2047.0KB	30	0.687	0.879
2048.0KB	30	0.497	0.478
2048.0KB	30	0.499	0.479
2048.0KB	30	0.497	0.479
4096.0KB	30	0.534	0.525
4096.0KB	30	0.534	0.523
4096.0KB	30	0.535	0.525
8192.0KB	30	0.554	0.553
8192.0KB	30	0.556	0.557
8192.0KB	30	0.557	0.558
16384.0KB	30	0.566	0.570
16384.0KB	30	0.565	0.567
16384.0KB	30	0.570	0.576
32768.0KB	30	0.575	0.576
32768.0KB	30	0.583	0.573
32768.0KB	30	0.576	0.579
remote CPU 1, local CPU 0, blocking
512.0KB	30	0.396	0.431
512.0KB	30	0.394	0.440
512.0KB	30	0.396	0.435
1024.0KB	30	0.492	0.524
1024.0KB	30	0.493	0.524
1024.0KB	30	0.446	0.524
2047.0KB	30	0.600	0.790
2047.0KB	30	0.651	0.796
2047.0KB	30	0.651	0.794
2048.0KB	30	0.459	0.460
2048.0KB	30	0.460	0.463
2048.0KB	30	0.461	0.460
4096.0KB	30	0.493	0.504
4096.0KB	30	0.492	0.504
4096.0KB	30	0.493	0.504
8192.0KB	30	0.513	0.533
8192.0KB	30	0.513	0.531
8192.0KB	30	0.513	0.530
16384.0KB	30	0.523	0.543
16384.0KB	30	0.521	0.544
16384.0KB	30	0.527	0.548
32768.0KB	30	0.529	0.546
32768.0KB	30	0.530	0.550
32768.0KB	30	0.534	0.555
32768.0KB	10	0.646	0.540
32768.0KB	10	0.927	0.490
32768.0KB	10	0.983	0.497
32768.0KB	30	0.936	0.522
32768.0KB	30	1.017	0.545
32768.0KB	10	0.924	0.498
32768.0KB	30	0.936	0.539
32768.0KB	30	0.966	0.551
32768.0KB	30	0.936	0.545
2047.0KB	30	1.205	1.099
2047.0KB	30	1.198	1.043
32768.0KB	30	0.945	0.540
32768.0KB	30	0.937	0.543
2047.0KB	30	1.403	0.932
32768.0KB	30	0.932	0.539
32768.0KB	30	0.961	0.576
32768.0KB	30	0.959	0.580
32768.0KB	30	0.918	0.573
32768.0KB	30	0.482	0.419
32768.0KB	30	0.988	0.551
32768.0KB	30	0.937	0.542
32768.0KB	30	0.924	0.525
32768.0KB	30	0.943	0.523
32768.0KB	30	0.880	0.516
32768.0KB	30	0.875	0.520
32768.0KB	30	inf	0.503
2048.0KB	30	inf	0.436
2047.0KB	30	inf	0.663
2047.0KB	30	inf	0.661
32768.0KB	30	inf	0.502
32768.0KB	30	inf	0.540
32768.0KB	30	inf	0.537
32768.0KB	30	inf	0.492
32768.0KB	30	inf	0.493
32768.0KB	30	inf	0.492
32768.0KB	30	inf	0.492
32768.0KB	30	inf	2.552
32768.0KB	30	inf	2.548
32768.0KB	30	inf	0.462
1024.0KB	10	inf	0.450
1024.0KB	10	0.814	0.493
32768.0KB	10	0.413	0.459
32768.0KB	10	0.413	0.454
32768.0KB	10	2.904	2.413
32768.0KB	30	2.908	2.574
32768.0KB	30	0.417	0.463
32768.0KB	30	0.956	0.520
32768.0KB	30	0.935	0.540
32768.0KB	30	0.947	0.543
32768.0KB	10	0.930	0.504
32768.0KB	30	0.983	0.548
32768.0KB	30	0.937	0.540
2047.0KB	30	1.352	0.926
2047.0KB	40	1.803	0.959
2048.0KB	40	0.787	0.456
2047.0KB	40	1.119	1.132
2047.0KB	40	1.934	1.039
2047.0KB	40	1.842	0.978
2047.0KB	40	1.648	0.918
2047.0KB	40	1.104	1.124
2047.0KB	40	1.133	1.101
2047.0KB	8	0.986	0.922
32768.0KB	8	0.969	0.483
32768.0KB	8	0.927	0.482
32768.0KB	30	2.914	2.603
32768.0KB	30	2.913	2.599
32768.0KB	30	2.918	2.596
32768.0KB	30	2.913	2.605
32768.0KB	30	2.900	2.583
65536.0KB	30	2.961	2.615
65536.0KB	30	2.957	2.615
65536.0KB	30	2.964	2.608
65536.0KB	30	2.959	2.613
65536.0KB	30	2.974	2.617
65536.0KB	30	2.970	2.630
65536.0KB	1	2.987	1.347
65536.0KB	1	2.977	1.317
65536.0KB	1	2.999	1.345
32768.0KB	1	2.937	1.323
32768.0KB	1	2.941	1.326
32768.0KB	1	2.990	1.322
32768.0KB	1	2.908	1.316
32768.0KB	1	2.962	1.319
32768.0KB	1	2.967	2.645
32768.0KB	1	2.924	2.560
32768.0KB	1	2.920	2.632
32768.0KB	1	2.922	2.629
32768.0KB	1	2.864	2.597
32768.0KB	1	2.855	2.600
32768.0KB	1	2.878	2.604
32768.0KB	1	2.858	2.600
