matrixMul	 4.308	0.002	100.436	0.013	0.010	249.101	0.023	0.011	129.227	0.030	451.015	71.219	0.004	0.575	0.130	38.962	0.002	1045.068
matrixMul	 4.224	0.002	99.319	0.013	0.008	247.356	0.023	0.011	129.379	0.028	450.972	70.998	0.004	0.562	0.130	39.028	0.002	1042.059
matrixMul	 4.202	0.002	99.407	0.012	0.008	247.278	0.022	0.011	129.237	0.032	451.066	71.132	0.004	0.568	0.218	39.001	0.001	1042.201
matrixMul	 4.190	0.002	99.691	0.013	0.008	247.073	0.023	0.011	477.430	0.032	3565.885	279.075	0.005	1.571	0.137	39.000	0.001	4714.147
matrixMul	 4.259	0.001	99.544	0.013	0.007	247.090	0.023	0.011	476.201	0.032	3564.767	274.100	0.005	1.575	0.143	39.000	0.002	4706.773
matrixMul	 4.222	0.002	103.493	0.012	0.007	247.631	0.023	0.012	480.615	0.031	3564.579	273.256	0.004	1.572	0.138	39.335	0.001	4714.933
matrixMul	 4.171	0.002	99.313	0.013	0.007	246.536	0.023	0.012	1058.900	0.032	11993.006	607.254	0.004	3.248	0.158	39.081	0.002	14051.762
matrixMul	 4.172	0.002	99.392	0.013	0.007	246.806	0.031	0.013	1058.159	0.031	11993.215	609.426	0.005	3.237	0.158	39.137	0.002	14053.806
matrixMul	 4.194	0.002	99.786	0.013	0.007	246.505	0.023	0.012	1052.822	0.030	11992.949	607.829	0.004	3.241	0.157	39.447	0.002	14047.023
matrixMul	 4.237	0.002	103.543	0.013	0.007	246.417	0.025	0.012	1873.917	0.037	29238.326	1078.210	0.004	5.576	0.173	39.175	0.001	32589.675
matrixMul	 4.238	0.002	99.402	0.012	0.008	247.433	0.024	0.013	1873.199	0.032	29237.855	1077.671	0.004	5.592	0.172	39.625	0.002	32585.284
matrixMul	 4.186	0.002	99.747	0.013	0.008	246.689	0.024	0.012	1862.434	0.036	29237.694	1074.405	0.004	5.571	0.179	39.246	0.002	32570.252
matrixMul	 4.225	0.002	99.630	0.012	0.008	247.167	0.023	0.013	2906.916	0.036	55600.645	1674.063	0.005	8.577	0.194	39.301	0.002	60580.819
matrixMul	 4.163	0.002	99.509	0.012	0.007	247.029	0.023	0.013	2912.403	0.034	55600.952	1675.368	0.005	8.578	0.191	39.203	0.002	60587.494
matrixMul	 4.223	0.008	99.579	0.012	0.008	246.560	0.025	0.012	2902.060	0.032	55600.502	1681.306	0.005	8.591	0.197	39.566	0.002	60582.688
matrixMul	 4.182	0.002	99.309	0.012	0.007	247.536	0.026	0.013	4188.256	0.036	96098.534	2415.724	0.005	12.187	0.197	39.292	0.002	103105.320
matrixMul	 4.215	0.002	99.427	0.012	0.007	247.348	0.025	0.012	4154.184	0.033	96097.517	2396.064	0.005	12.243	0.185	39.155	0.002	103050.436
matrixMul	 4.232	0.002	99.555	0.013	0.020	246.384	0.024	0.013	4136.738	0.040	96098.441	2403.033	0.004	12.249	0.213	39.233	0.002	103040.196
matrixMul	 4.225	0.001	99.530	0.013	0.008	247.015	0.025	0.012	5592.985	0.026	22388.414	0.139	0.003	0.012	0.035	55.882	0.002	28388.327
matrixMul	 4.237	0.002	103.473	0.012	0.007	246.850	0.027	0.013	5605.590	0.022	14994.907	0.128	0.002	0.012	0.035	56.280	0.002	21011.599
matrixMul	 4.233	0.002	99.528	0.013	0.007	247.381	0.025	0.012	5636.684	0.023	14894.553	0.125	0.002	0.012	0.034	55.915	0.001	20938.550
---------------------------------March15--------------------------------------------------
matrixMul	 3750.991	0.002	123.747	0.015	0.008	252.015	0.025	0.012	1200.485	0.199	4500.588	663.166	0.005	0.601	0.163	88.375	0.002	10580.399
matrixMul	 3750.991	0.002	123.747	0.015	0.008	252.015	0.025	0.012	1200.485	0.199	4500.588	663.166	0.005	0.601	0.163	88.375	0.002	10580.399
matrixMul	 3750.758	0.002	123.582	0.015	0.008	253.680	0.024	0.011	1200.798	0.201	4500.608	661.353	0.005	0.590	0.129	88.829	0.001	10580.594
matrixMul	 3751.376	0.002	123.788	0.014	0.009	251.779	0.024	0.012	2205.754	0.119	17816.486	1279.909	0.005	1.604	0.140	88.773	0.032	25519.826
matrixMul	 3751.547	0.002	124.468	0.014	0.009	252.597	0.025	0.012	2202.376	0.109	17816.992	1277.115	0.005	1.617	0.140	89.091	0.002	25516.121
matrixMul	 3751.353	0.002	124.283	0.014	0.009	251.825	0.052	0.011	2201.251	0.109	17816.354	1279.674	0.005	1.627	0.139	89.072	0.001	25515.781
matrixMul	 3751.139	0.002	124.774	0.014	0.009	253.354	0.055	0.012	2447.061	0.067	29976.199	1432.588	0.005	3.360	0.156	89.082	0.002	38077.879
matrixMul	 3750.464	0.002	124.322	0.015	0.009	251.445	0.025	0.012	2440.003	0.063	29977.705	1425.348	0.005	3.333	0.155	88.879	0.002	38061.787
matrixMul	 3752.698	0.002	125.433	0.014	0.010	250.946	0.024	0.011	2439.408	0.071	29977.938	1420.574	0.005	3.290	0.184	88.988	0.002	38059.598
matrixMul	 3749.928	0.002	124.042	0.014	0.008	252.095	0.025	0.012	3482.209	0.054	58468.433	2016.991	0.004	5.715	0.163	88.946	0.002	68188.643
matrixMul	 3751.299	0.003	123.665	0.014	0.009	250.966	0.025	0.012	3497.736	0.068	58471.958	2030.762	0.005	5.681	0.167	88.983	0.002	68221.355
matrixMul	 3750.292	0.002	124.562	0.015	0.008	251.717	0.025	0.012	3483.002	0.057	58469.978	2030.254	0.005	5.630	0.199	89.275	0.002	68205.035
matrixMul	 3749.321	0.003	124.988	0.015	0.008	250.382	0.027	0.012	2686.050	0.033	55596.028	1573.179	0.005	8.724	0.201	88.967	0.002	64077.945
matrixMul	 3750.762	0.002	124.093	0.014	0.008	253.097	0.027	0.012	2693.701	0.033	55596.549	1598.040	0.005	8.748	0.192	89.411	0.002	64114.696
matrixMul	 3750.862	0.002	124.823	0.014	0.008	252.533	0.025	0.013	2706.753	0.033	55596.274	1574.908	0.005	8.648	0.191	88.930	0.002	64104.024
matrixMul	 3749.772	0.002	124.181	0.014	0.008	253.125	0.025	0.012	3859.568	0.032	96091.410	2273.643	0.004	12.504	0.212	88.930	0.002	106453.444
matrixMul	 3751.963	0.002	124.242	0.014	0.009	251.510	0.027	0.012	3901.179	0.030	96092.164	2277.290	0.005	12.519	0.212	88.980	0.002	106500.160
matrixMul	 3751.255	0.003	123.817	0.015	0.008	251.466	0.026	0.013	3886.313	0.036	96090.743	2286.090	0.006	12.536	0.209	89.063	0.002	106491.601

matrixMul	 3761.428	0.004	128.155	0.015	0.009	251.989	0.028	0.012	2102.448	0.232	4508.349	895.808	0.005	0.611	0.132	86.416	0.002	11735.643
matrixMul	 3759.711	0.004	128.288	0.014	0.009	248.884	0.027	0.013	2118.895	0.252	4509.758	898.444	0.005	0.631	0.136	86.751	0.001	11751.823
matrixMul	 3758.640	0.003	127.650	0.015	0.009	249.797	0.028	0.012	2113.051	0.209	4509.915	895.780	0.005	0.622	0.131	86.839	0.002	11742.708
matrixMul	 3760.092	0.003	127.684	0.015	0.009	248.191	0.027	0.012	4052.805	0.129	17821.508	1628.278	0.005	1.669	0.142	87.188	0.002	27727.759
matrixMul	 3759.540	0.003	127.716	0.015	0.009	250.546	0.031	0.012	4052.928	0.107	17821.341	1628.032	0.005	1.660	0.148	86.621	0.001	27728.715
matrixMul	 3760.936	0.003	128.786	0.014	0.009	251.463	0.027	0.012	4043.858	0.112	17820.773	1628.453	0.005	1.676	0.147	86.823	0.002	27723.099
matrixMul	 3759.149	0.003	128.149	0.015	0.009	251.456	0.029	0.014	4503.298	0.078	29977.459	1799.970	0.004	3.441	0.150	86.661	0.002	40509.887
matrixMul	 3760.583	0.003	127.812	0.015	0.009	249.573	0.029	0.012	4500.225	0.071	29977.406	1799.602	0.018	3.464	0.160	87.159	0.002	40506.143
matrixMul	 3759.461	0.003	128.237	0.015	0.009	249.974	0.031	0.013	4501.425	0.070	29977.550	1800.235	0.005	3.458	0.153	86.710	0.002	40507.351
matrixMul	 3759.980	0.003	128.569	0.015	0.009	251.034	0.028	0.013	6413.517	0.062	58471.837	2541.245	0.005	5.952	0.167	86.491	0.002	71658.929
matrixMul	 3759.634	0.003	127.997	0.015	0.009	251.102	0.029	0.013	6398.315	0.059	58468.994	2538.945	0.005	5.934	0.165	86.887	0.002	71638.108
matrixMul	 3759.899	0.003	127.845	0.014	0.009	249.412	0.029	0.014	6388.187	0.062	58467.114	2539.611	0.004	5.932	0.180	86.445	0.002	71624.762
matrixMul	 3759.144	0.003	127.505	0.015	0.009	251.115	0.031	0.014	4987.345	0.039	55596.756	1975.986	0.006	9.181	0.199	86.809	0.002	66794.159
matrixMul	 3760.468	0.003	128.011	0.015	0.009	251.727	0.029	0.012	4996.354	0.038	55596.672	1978.463	0.005	9.124	0.203	86.608	0.003	66807.744
matrixMul	 3759.710	0.003	127.962	0.015	0.009	250.584	0.030	0.021	5010.134	0.038	55596.610	1977.318	0.006	9.078	0.199	86.721	0.003	66818.441
matrixMul	 3758.723	0.003	127.799	0.014	0.009	249.519	0.030	0.013	7211.497	0.038	96095.419	2845.894	0.006	13.082	0.212	86.749	0.002	110389.009
matrixMul	 3759.733	0.003	128.120	0.014	0.010	249.762	0.033	0.013	7198.656	0.037	96094.007	2845.356	0.005	13.093	0.215	86.815	0.002	110375.874
matrixMul	 3759.808	0.003	129.008	0.014	0.009	252.365	0.029	0.014	7217.569	0.038	96095.400	2843.014	0.006	13.034	0.214	87.001	0.002	110397.528

matrixTran	 3749.238	0.004	123.636	0.015	0.012	271.336	0.024	0.017	60.621	0.047	16.006	73.068	0.005	0.541	0.341	0.048	89.198	4384.157
matrixTran	 3751.573	0.002	123.858	0.014	0.011	261.109	0.023	0.017	60.158	0.077	16.630	73.333	0.005	0.549	0.309	0.059	89.171	4376.898
matrixTran	 3751.283	0.003	125.138	0.046	0.011	259.679	0.023	0.017	60.450	0.043	16.598	73.593	0.004	0.556	0.342	0.049	89.192	4377.027
matrixTran	 3750.777	0.003	124.911	0.014	0.014	259.025	0.023	0.017	228.937	0.049	34.724	271.512	0.003	1.286	0.350	0.050	88.738	4760.433
matrixTran	 3750.582	0.002	124.298	0.020	0.015	259.207	0.024	0.017	227.552	0.048	35.240	273.374	0.005	1.253	0.316	0.050	89.103	4761.106
matrixTran	 3751.213	0.003	123.648	0.021	0.014	258.215	0.023	0.017	228.335	0.053	35.142	272.722	0.005	1.245	0.318	0.049	89.167	4760.190
matrixTran	 3751.173	0.004	124.623	0.014	0.015	260.390	0.023	0.018	494.661	0.047	92.862	606.099	0.005	2.412	0.327	0.048	88.966	5421.687
matrixTran	 3751.529	0.003	124.843	0.015	0.014	260.373	0.024	0.046	497.699	0.048	92.635	609.622	0.005	2.423	0.322	0.050	89.080	5428.731
matrixTran	 3751.265	0.003	124.974	0.014	0.013	259.660	0.023	0.018	498.638	0.048	92.641	615.697	0.005	2.380	0.319	0.050	89.097	5434.845
matrixTran	 3750.696	0.004	123.936	0.015	0.014	259.476	0.025	0.016	871.798	0.048	105.512	1094.768	0.005	3.975	0.321	0.076	88.937	6299.622
matrixTran	 3751.011	0.003	124.455	0.014	0.014	260.664	0.024	0.017	868.780	0.054	105.365	1094.819	0.005	3.976	0.318	0.049	89.268	6298.836
matrixTran	 3751.068	0.002	124.055	0.015	0.014	257.830	0.023	0.017	874.195	0.051	105.549	1092.351	0.005	3.973	0.361	0.049	89.074	6298.632
matrixTran	 3751.278	0.002	124.189	0.015	0.013	257.600	0.024	0.017	1362.289	0.051	200.636	1712.811	0.006	5.999	0.319	0.050	89.525	7504.824
matrixTran	 3752.278	0.002	124.028	0.014	0.014	260.574	0.023	0.017	1349.988	0.052	200.941	1702.507	0.005	5.994	0.320	0.049	89.373	7486.179
matrixTran	 3749.760	0.002	125.249	0.014	0.015	260.245	0.024	0.017	1478.396	0.055	200.788	1787.739	0.004	6.008	0.352	0.058	89.011	7697.737
matrixTran	 3750.304	0.002	124.109	0.014	0.015	261.279	0.024	0.016	2128.588	0.050	343.574	2573.762	0.003	8.480	0.330	0.049	89.128	9279.727
matrixTran	 3750.018	0.003	125.767	0.014	0.014	260.002	0.024	0.016	2114.267	0.050	343.751	2580.016	0.004	8.568	0.331	0.050	89.061	9271.956
matrixTran	 3751.037	0.004	123.998	0.014	0.014	258.171	0.024	0.017	2128.977	0.076	343.153	2588.037	0.005	8.556	0.330	0.049	89.022	9291.484

matrixTran	 3759.844	0.004	127.745	0.014	0.011	256.429	0.024	0.015	104.062	0.047	16.564	103.558	0.005	0.566	0.333	0.051	86.495	4455.767
matrixTran	 3760.017	0.003	128.670	0.015	0.011	258.099	0.024	0.016	104.186	0.053	16.768	103.282	0.005	0.560	0.323	0.051	86.732	4458.815
matrixTran	 3760.027	0.004	127.748	0.014	0.011	256.114	0.025	0.018	104.187	0.050	16.536	103.453	0.005	0.567	0.321	0.049	86.701	4455.830
matrixTran	 3758.576	0.004	127.559	0.015	0.015	259.834	0.024	0.018	412.948	0.059	35.134	347.697	0.005	1.273	0.351	0.052	86.691	5030.255
matrixTran	 3759.413	0.004	129.133	0.015	0.015	259.289	0.025	0.017	413.223	0.059	35.213	347.288	0.004	1.319	0.323	0.061	86.753	5032.154
matrixTran	 3760.173	0.004	127.769	0.024	0.015	259.728	0.025	0.016	413.464	0.061	35.279	348.229	0.005	1.314	0.330	0.050	86.912	5033.398
matrixTran	 3759.755	0.003	127.987	0.014	0.015	258.340	0.025	0.018	913.057	0.066	92.975	753.256	0.005	2.499	0.302	0.052	86.307	5994.676
matrixTran	 3759.979	0.004	127.693	0.014	0.015	258.635	0.026	0.017	913.941	0.058	92.790	753.551	0.004	2.489	0.355	0.050	86.437	5996.058
matrixTran	 3760.503	0.004	128.062	0.014	0.015	258.152	0.025	0.018	912.478	0.056	93.280	754.535	0.005	2.493	0.314	0.051	86.742	5996.747
matrixTran	 3760.688	0.003	127.949	0.014	0.014	255.659	0.025	0.017	1608.759	0.060	105.990	1322.707	0.005	4.128	0.356	0.052	86.400	7272.826
matrixTran	 3760.104	0.004	127.805	0.014	0.014	256.622	0.026	0.018	1610.482	0.066	105.328	1322.095	0.005	4.208	0.333	0.055	86.472	7273.651
matrixTran	 3759.589	0.004	128.159	0.014	0.015	256.696	0.025	0.018	1619.182	0.063	106.196	1322.418	0.005	4.146	0.339	0.051	87.068	7283.988
matrixTran	 3760.035	0.004	128.432	0.015	0.015	258.056	0.028	0.019	2510.642	0.062	202.020	2053.763	0.005	6.267	0.352	0.051	86.477	9006.243
matrixTran	 3759.263	0.003	128.108	0.014	0.017	257.857	0.026	0.018	2511.352	0.060	201.399	2056.712	0.006	6.277	0.333	0.051	86.533	9008.029
matrixTran	 3758.837	0.004	128.334	0.014	0.014	259.137	0.026	0.017	2512.456	0.062	200.924	2054.180	0.006	6.243	0.345	0.055	86.496	9007.150
matrixTran	 3759.866	0.003	128.796	0.044	0.016	258.145	0.026	0.018	3604.696	0.060	344.199	2947.465	0.006	8.827	0.358	0.050	86.589	11139.164
matrixTran	 3758.751	0.004	128.633	0.014	0.015	258.031	0.025	0.019	3628.513	0.065	344.298	2950.988	0.007	8.867	0.345	0.059	86.686	11165.320
matrixTran	 3759.653	0.003	127.733	0.015	0.015	256.630	0.026	0.018	3612.585	0.060	344.056	2950.588	0.005	8.859	0.339	0.052	86.433	11147.070
-----------------------------------------------March15---------------------------------------------------
matrixTran	 3747.576	0.003	124.197	0.015	0.011	260.414	0.042	0.053	1219.846	0.783	318.808	1498.894	0.005	0.638	19.604	0.049	88.590	7279.528
matrixTran	 3751.081	0.004	123.611	0.021	0.011	260.660	0.039	0.050	1214.700	0.714	315.862	1500.707	0.006	0.571	19.711	0.050	88.742	7276.540
matrixTran	 3750.673	0.004	124.212	0.014	0.011	259.508	0.041	0.051	1218.400	0.734	320.511	1508.872	0.006	0.613	15.762	0.050	88.928	7288.390
matrixTran	 3752.271	0.002	123.922	0.020	0.014	258.463	0.033	0.036	2468.541	0.381	349.309	2814.205	0.005	1.283	0.316	0.049	88.703	9857.553
matrixTran	 3747.486	0.002	124.226	0.014	0.015	256.147	0.034	0.035	2460.076	0.397	348.712	2796.377	0.005	1.216	0.342	0.058	88.835	9823.977
matrixTran	 3751.549	0.002	123.958	0.014	0.015	260.033	0.033	0.036	2468.801	0.385	348.500	2782.771	0.005	1.261	0.324	0.049	88.854	9826.590
matrixTran	 3750.216	0.004	123.901	0.014	0.014	258.877	0.032	0.033	4064.653	0.310	693.079	4663.768	0.004	2.390	0.350	0.050	88.812	13646.507
matrixTran	 3751.358	0.002	123.941	0.014	0.015	259.238	0.032	0.032	4067.617	0.336	693.065	4650.011	0.005	2.426	0.319	0.049	88.908	13637.368
matrixTran	 3751.854	0.003	125.018	0.014	0.015	260.705	0.033	0.035	4071.360	0.319	693.620	4664.311	0.004	2.377	0.325	0.050	89.322	13659.365
matrixTran	 3749.932	0.002	123.981	0.014	0.015	260.910	0.031	0.029	4783.280	0.192	524.472	5524.085	0.006	3.996	0.358	0.049	88.964	15060.316
matrixTran	 3751.806	0.003	124.377	0.014	0.014	259.645	0.030	0.029	4768.711	0.189	524.053	5510.125	0.005	3.979	0.359	0.048	88.964	15032.351
matrixTran	 3751.995	0.003	124.387	0.014	0.015	260.013	0.029	0.029	4777.915	0.191	525.240	5519.669	0.006	3.969	0.347	0.063	89.078	15052.963
matrixTran	 3749.309	0.004	124.040	0.015	0.014	258.115	0.030	0.030	7415.135	0.191	1001.191	8592.748	0.004	6.011	0.350	0.062	88.903	21236.152
matrixTran	 3749.248	0.002	124.036	0.014	0.014	259.329	0.031	0.029	7419.843	0.197	1001.014	8574.015	0.005	6.001	0.330	0.050	88.908	21223.066
matrixTran	 3750.214	0.003	124.450	0.014	0.015	260.128	0.030	0.028	7410.046	0.223	1000.126	8601.025	0.006	6.115	0.324	0.050	88.995	21241.792
matrixTran	 3750.365	0.003	125.102	0.015	0.014	260.727	0.031	0.029	10666.727	0.212	1714.397	12373.156	0.005	8.469	0.361	0.049	89.078	28988.740
matrixTran	 3752.160	0.003	125.429	0.014	0.015	258.780	0.030	0.029	10644.058	0.226	1717.368	12354.544	0.005	8.481	0.329	0.049	89.289	28950.809
matrixTran	 3757.286	0.002	124.368	0.014	0.015	259.414	0.031	0.031	10657.393	0.201	1716.558	12426.202	0.007	8.500	0.331	0.051	89.212	29039.616

matrixTran	 3760.019	0.004	127.692	0.014	0.012	256.195	0.044	0.054	2055.856	0.890	315.652	2023.802	0.005	0.623	16.027	0.051	86.107	8643.047
matrixTran	 3763.294	0.002	128.215	0.014	0.011	257.570	0.043	0.049	2056.861	0.808	319.003	2021.590	0.006	0.585	15.730	0.052	86.461	8650.294
matrixTran	 3764.070	0.003	127.799	0.014	0.012	259.913	0.043	0.053	2056.273	0.933	307.754	2017.606	0.006	0.576	17.159	0.052	86.382	8638.648
matrixTran	 3763.774	0.004	128.379	0.014	0.015	257.637	0.035	0.037	4132.155	0.425	349.269	3387.922	0.005	1.270	0.334	0.050	86.864	12108.189
matrixTran	 3761.047	0.004	127.838	0.014	0.015	256.570	0.034	0.035	4132.676	0.403	343.969	3384.116	0.005	1.333	0.330	0.051	86.759	12095.199
matrixTran	 3759.706	0.003	128.261	0.014	0.015	258.110	0.035	0.036	4121.547	0.562	349.031	3382.651	0.005	1.316	0.328	0.050	86.667	12088.337
matrixTran	 3759.253	0.003	128.672	0.016	0.015	259.705	0.033	0.032	6829.858	0.347	695.497	5508.983	0.005	2.488	0.348	0.051	86.545	17271.851
matrixTran	 3759.828	0.003	127.677	0.014	0.016	256.493	0.034	0.033	6851.331	0.322	694.707	5503.628	0.005	2.505	0.331	0.051	86.375	17283.353
matrixTran	 3759.901	0.003	128.267	0.014	0.015	257.632	0.035	0.032	6848.511	0.340	696.554	5501.796	0.005	2.504	0.360	0.058	86.475	17282.502
matrixTran	 3759.538	0.003	127.873	0.014	0.015	257.456	0.030	0.028	8054.013	0.227	525.107	6443.748	0.005	4.161	0.328	0.051	86.409	19259.006
matrixTran	 3759.013	0.003	127.979	0.014	0.015	257.789	0.031	0.030	8056.136	0.222	524.944	6442.824	0.006	4.147	0.366	0.050	86.499	19260.068
matrixTran	 3759.601	0.004	127.902	0.014	0.015	257.096	0.032	0.029	8066.290	0.238	524.512	6448.272	0.005	4.148	0.331	0.051	86.645	19275.185
matrixTran	 3759.830	0.003	128.349	0.015	0.015	257.674	0.032	0.030	12572.727	0.223	1001.276	10029.208	0.006	6.296	0.337	0.052	86.866	27842.939
matrixTran	 3759.149	0.003	127.931	0.014	0.015	257.617	0.032	0.028	12524.480	0.240	1002.437	10014.897	0.005	6.258	0.338	0.051	86.682	27780.177
matrixTran	 3759.656	0.004	128.680	0.014	0.015	258.647	0.032	0.030	12593.900	0.243	1001.325	10021.614	0.005	6.262	0.341	0.052	86.807	27857.627
matrixTran	 3760.220	0.003	128.940	0.014	0.015	259.394	0.033	0.031	18104.711	0.225	1716.929	14382.969	0.005	8.908	0.342	0.050	86.752	38449.541
matrixTran	 3759.231	0.003	128.437	0.015	0.015	257.761	0.031	0.042	18039.794	0.226	1716.897	14379.553	0.006	8.880	0.341	0.050	87.098	38378.380
matrixTran	 3759.511	0.003	128.959	0.014	0.016	256.788	0.032	0.031	18053.211	0.216	1717.121	14386.500	0.006	9.083	0.341	0.071	86.634	38398.537

nbody	 3749.719	0.004	123.816	0.015	0.017	570.882	0.011	0.020	19.673	4.258	37628.298	10.606	0.009	0.177	0.000	0.001	0.030	42107.536
nbody	 3750.213	0.003	124.671	0.015	0.016	558.936	0.012	0.021	19.681	4.452	37620.922	10.643	0.008	0.177	0.000	0.002	0.001	42089.773
nbody	 3750.401	0.003	124.180	0.015	0.016	556.659	0.011	0.021	19.736	4.580	37623.038	10.673	0.008	0.177	0.000	0.002	0.001	42089.521
nbody	 3751.471	0.003	123.923	0.015	0.017	558.202	0.012	0.019	19.279	3.525	57824.989	9.943	0.008	0.289	0.000	0.001	0.001	62291.697
nbody	 3747.797	0.003	123.402	0.015	0.017	556.116	0.012	0.019	19.189	3.260	57834.748	9.970	0.009	0.249	0.000	0.002	0.001	62294.809
nbody	 3751.048	0.003	124.604	0.015	0.017	558.254	0.011	0.020	18.953	3.461	57830.819	9.956	0.009	0.243	0.000	0.001	0.001	62297.415
nbody	 3751.810	0.003	124.953	0.015	0.017	559.963	0.012	0.020	14.229	2.561	65674.657	8.434	0.009	0.249	0.000	0.002	0.001	70136.935
nbody	 3751.288	0.004	125.065	0.016	0.017	562.145	0.011	0.021	14.004	2.216	65675.629	8.598	0.009	0.251	0.000	0.002	0.002	70139.278
nbody	 3748.848	0.004	124.722	0.016	0.017	558.788	0.012	0.025	14.240	2.200	65668.174	8.392	0.009	0.252	0.000	0.002	0.001	70125.702
nbody	 3753.502	0.003	125.187	0.016	0.017	558.326	0.012	0.026	16.201	2.315	99904.521	10.473	0.010	0.383	0.000	0.002	0.002	104370.996
nbody	 3750.461	0.004	124.936	0.015	0.016	560.867	0.012	0.025	16.091	2.314	99904.730	10.393	0.039	0.390	0.000	0.001	0.001	104370.295
nbody	 3753.968	0.004	124.136	0.015	0.017	560.825	0.012	0.020	15.996	2.456	99902.085	10.315	0.010	0.393	0.000	0.002	0.001	104370.255
nbody	 3749.120	0.003	124.127	0.016	0.017	561.971	0.012	0.025	19.837	2.518	141020.999	11.957	0.010	0.422	0.000	0.002	0.002	145491.038
nbody	 3751.925	0.003	124.350	0.015	0.017	557.604	0.012	0.023	19.976	2.360	141015.266	10.129	0.009	0.377	0.000	0.002	0.002	145482.070
nbody	 3751.321	0.003	124.890	0.015	0.017	563.122	0.012	0.021	19.846	2.672	141022.176	11.915	0.009	0.424	0.000	0.002	0.001	145496.446
nbody	 3751.181	0.003	124.126	0.015	0.017	564.432	0.014	0.056	20.915	2.318	189613.789	13.312	0.010	0.383	0.000	0.002	0.002	194090.575
nbody	 3749.346	0.003	124.281	0.016	0.018	560.179	0.013	0.021	20.750	2.414	189609.932	13.463	0.010	0.418	0.000	0.002	0.002	194080.868
nbody	 3752.092	0.003	125.120	0.015	0.017	558.854	0.013	0.021	21.740	2.293	189608.797	13.401	0.009	0.411	0.000	0.001	0.001	194082.788

nbody	 3758.424	0.003	127.796	0.015	0.018	552.137	0.010	0.022	26.612	4.148	37627.342	16.531	0.009	0.184	0.000	0.002	0.001	42113.254
nbody	 3760.976	0.004	127.848	0.015	0.017	553.709	0.011	0.021	26.594	4.241	37609.960	16.138	0.009	0.186	0.000	0.002	0.001	42099.732
nbody	 3760.062	0.003	127.985	0.015	0.017	551.706	0.011	0.022	27.004	4.332	37656.995	16.777	0.009	0.190	0.000	0.002	0.001	42145.131
nbody	 3760.227	0.004	128.005	0.016	0.019	549.972	0.012	0.021	27.077	3.758	57839.169	15.372	0.010	0.297	0.000	0.002	0.002	62323.963
nbody	 3760.339	0.004	128.258	0.015	0.018	552.388	0.011	0.021	27.234	3.200	57830.264	15.125	0.008	0.290	0.000	0.002	0.001	62317.178
nbody	 3758.711	0.003	127.998	0.015	0.017	552.753	0.011	0.021	27.120	3.469	57819.498	15.452	0.008	0.283	0.000	0.002	0.002	62305.363
nbody	 3760.697	0.004	128.235	0.015	0.018	554.621	0.012	0.021	21.168	2.066	65676.134	12.071	0.010	0.296	0.000	0.002	0.001	70155.371
nbody	 3760.851	0.003	128.377	0.015	0.017	558.252	0.012	0.039	21.305	2.332	65675.177	12.174	0.010	0.266	0.000	0.002	0.002	70158.834
nbody	 3760.671	0.003	127.842	0.015	0.018	551.840	0.012	0.022	21.346	2.261	65676.190	12.097	0.009	0.261	0.000	0.002	0.002	70152.591
nbody	 3759.729	0.004	127.968	0.016	0.018	551.666	0.012	0.022	23.888	2.168	99900.935	14.211	0.010	0.430	0.000	0.002	0.002	104381.081
nbody	 3760.066	0.004	128.715	0.016	0.018	555.797	0.012	0.023	23.996	2.431	99898.098	14.166	0.010	0.434	0.000	0.002	0.001	104383.789
nbody	 3760.402	0.004	127.842	0.037	0.019	556.556	0.012	0.022	23.703	2.353	99907.400	14.065	0.010	0.466	0.000	0.002	0.001	104392.894
nbody	 3760.061	0.004	128.543	0.015	0.017	554.324	0.012	0.021	27.253	2.145	141021.695	16.151	0.010	0.397	0.000	0.002	0.001	145510.651
nbody	 3760.625	0.004	127.801	0.015	0.017	550.124	0.013	0.021	27.328	2.318	141046.254	15.855	0.011	0.434	0.000	0.002	0.002	145530.824
nbody	 3760.222	0.003	128.321	0.016	0.019	555.449	0.012	0.020	27.306	2.378	141057.686	16.044	0.011	0.436	0.000	0.002	0.002	145547.927
nbody	 3759.526	0.004	128.013	0.015	0.018	551.495	0.036	0.021	30.753	2.199	189600.210	18.333	0.011	0.397	0.000	0.002	0.002	194091.035
nbody	 3760.562	0.003	129.397	0.015	0.017	558.366	0.013	0.021	30.691	2.262	189617.835	18.320	0.011	0.434	0.000	0.002	0.002	194117.951
nbody	 3759.768	0.003	129.042	0.015	0.017	549.770	0.012	0.021	30.499	2.522	189608.653	18.366	0.010	0.402	0.000	0.002	0.002	194099.104

SW	 3752.338	0.003	124.548	0.015	0.009	264.695	0.018	0.014	101.658	14.742	4084.355	9.378	0.004	12.026	0.163	0.048	88.929	8452.943
SW	 3750.476	0.002	124.709	0.014	0.009	260.224	0.017	0.016	101.890	14.993	4099.869	9.507	0.005	11.993	0.170	0.048	89.252	8463.194
SW	 3749.863	0.003	124.822	0.014	0.009	263.774	0.018	0.044	102.485	14.494	4062.169	9.367	0.004	11.944	0.163	0.002	89.054	8428.229
SW	 3750.109	0.002	124.834	0.014	0.009	262.247	0.017	0.015	274.192	32.873	7993.110	9.221	0.005	12.059	0.167	0.079	88.738	12547.691
SW	 3750.590	0.003	125.430	0.014	0.009	262.105	0.017	0.015	273.294	29.146	8124.124	9.449	0.004	11.992	0.196	0.054	89.173	12675.615
SW	 3750.636	0.003	124.658	0.015	0.008	261.900	0.017	0.015	273.728	31.763	8004.238	9.183	0.005	12.075	0.205	0.048	88.727	12557.224
SW	 3751.198	0.003	125.390	0.015	0.009	263.386	0.017	0.015	560.836	44.250	12219.235	9.559	0.005	12.055	0.165	0.047	88.962	17075.147
SW	 3753.077	0.003	125.221	0.015	0.009	265.087	0.018	0.046	560.496	47.595	12157.467	9.432	0.004	12.070	0.176	0.049	89.511	17020.276
SW	 3749.978	0.002	125.030	0.015	0.009	260.962	0.018	0.015	559.595	47.593	12202.533	9.449	0.005	11.964	0.194	0.001	89.015	17056.378
SW	 3749.944	0.002	125.038	0.014	0.011	262.098	0.017	0.016	959.466	58.451	16171.685	9.195	0.005	11.954	0.167	0.001	89.314	21437.378
SW	 3750.918	0.002	125.194	0.015	0.009	263.971	0.048	0.015	962.163	63.058	16342.564	9.363	0.005	12.036	0.165	0.048	88.796	21618.370
SW	 3753.219	0.003	125.741	0.014	0.009	262.650	0.017	0.014	959.005	59.400	16220.181	9.297	0.005	12.003	0.165	0.049	89.434	21491.206
SW	 3750.962	0.002	125.318	0.014	0.009	264.627	0.018	0.015	1472.693	80.544	20201.188	9.347	0.005	12.092	0.166	0.048	89.511	26006.559
SW	 3751.673	0.002	125.274	0.015	0.009	262.393	0.017	0.016	1469.188	79.977	20037.978	9.326	0.005	11.955	0.167	0.001	89.419	25837.415
SW	 3749.801	0.002	124.999	0.015	0.009	262.676	0.017	0.015	1471.732	77.959	20165.607	9.444	0.005	12.081	0.211	0.049	89.449	25964.071
SW	 3752.291	0.003	125.152	0.015	0.009	264.199	0.017	0.015	2098.632	91.333	23935.569	9.279	0.005	12.046	0.169	0.094	89.510	30378.338
SW	 3752.886	0.003	125.081	0.015	0.009	261.744	0.018	0.015	2094.887	88.730	24231.113	9.339	0.005	11.966	0.168	0.001	89.366	30665.346
SW	 3753.538	0.002	125.101	0.015	0.009	264.527	0.017	0.014	2096.382	88.159	24111.460	9.385	0.005	12.039	0.167	0.048	89.152	30550.020

SW	 3760.093	0.003	127.942	0.015	0.009	259.472	0.017	0.014	148.615	14.447	4137.637	9.530	0.005	12.559	0.186	0.002	86.305	8556.851
SW	 3761.044	0.003	128.749	0.015	0.013	260.448	0.019	0.015	147.963	14.550	4106.073	9.640	0.005	12.540	0.170	0.049	86.688	8527.984
SW	 3760.742	0.003	128.636	0.015	0.010	261.724	0.017	0.014	148.814	14.986	4148.113	9.573	0.004	12.608	0.206	0.001	87.070	8572.536
SW	 3760.219	0.002	128.334	0.014	0.009	259.392	0.018	0.016	450.789	29.485	8187.530	9.388	0.005	12.625	0.171	0.053	86.983	12925.033
SW	 3760.558	0.003	128.499	0.014	0.009	258.401	0.018	0.015	449.998	31.913	8203.527	9.501	0.005	12.573	0.204	0.002	86.600	12941.840
SW	 3761.377	0.003	129.145	0.014	0.009	261.910	0.018	0.014	451.273	32.575	8216.792	9.472	0.005	12.675	0.168	0.002	87.061	12962.513
SW	 3760.188	0.003	128.331	0.015	0.009	261.845	0.018	0.016	949.510	44.192	12429.408	9.565	0.004	12.605	0.180	0.002	86.719	17682.610
SW	 3760.296	0.003	128.608	0.014	0.009	260.605	0.018	0.014	956.443	50.299	12243.103	9.495	0.005	12.589	0.176	0.050	86.821	17508.548
SW	 3760.422	0.003	129.273	0.014	0.009	260.374	0.017	0.015	954.563	45.840	12281.730	9.546	0.005	12.539	0.192	0.001	86.899	17541.442
SW	 3760.105	0.003	129.375	0.014	0.009	259.387	0.017	0.014	1656.014	62.141	16229.072	9.401	0.006	12.546	0.201	0.002	86.806	22205.113
SW	 3760.009	0.003	128.838	0.014	0.009	260.432	0.018	0.014	1654.528	58.286	16405.322	9.505	0.005	12.516	0.171	0.002	86.903	22376.575
SW	 3759.980	0.003	128.977	0.014	0.009	262.727	0.018	0.015	1655.343	66.024	16252.498	9.559	0.005	12.512	0.170	0.049	86.641	22234.544
SW	 3759.942	0.002	129.417	0.014	0.009	261.303	0.018	0.015	2553.090	76.625	20369.743	9.519	0.005	12.593	0.171	0.051	87.213	27259.730
SW	 3761.238	0.003	129.603	0.014	0.009	261.761	0.017	0.015	2554.172	77.137	20385.116	9.529	0.005	12.589	0.170	0.002	87.023	27278.403
SW	 3760.660	0.003	129.754	0.015	0.009	262.287	0.018	0.014	2556.340	74.719	20415.024	9.429	0.006	12.497	0.170	0.050	86.608	27307.603
SW	 3759.943	0.003	129.136	0.015	0.009	260.709	0.019	0.015	3654.033	89.447	24410.816	9.595	0.005	12.538	0.204	0.001	87.007	32413.495
SW	 3761.631	0.003	129.977	0.014	0.009	261.085	0.018	0.015	3652.670	92.382	24323.684	9.333	0.005	12.723	0.174	0.050	86.932	32330.705
SW	 3760.394	0.003	129.210	0.015	0.009	261.445	0.017	0.015	3653.470	94.507	24379.702	9.559	0.005	12.578	0.204	0.002	87.102	32388.237
SW	 1790.786	0.144	163.215	0.156	0.294	272.476	1.652	0.287	80.377	1.654	668.431	0.882	0.252	3.930	0.244	0.100	0.097	2984.977
SW	 1529.479	0.189	112.511	0.105	0.291	223.768	1.190	0.271	790.202	21.375	5964.920	7.718	0.244	4.169	0.251	0.099	0.109	8656.891
SW	 1541.856	0.152	114.849	0.149	0.336	226.001	1.332	0.304	115.540	16.856	6200.613	5.948	0.245	4.338	0.250	0.099	0.103	8228.971
SW	 1533.302	0.108	113.287	0.202	0.267	223.776	1.249	0.356	115.321	16.234	6206.808	6.400	0.200	4.131	0.299	0.153	0.143	8222.236
SW	 1529.089	0.152	112.856	0.147	0.313	223.064	1.440	0.361	87.145	15.664	6237.312	6.640	0.193	4.251	0.249	0.114	0.082	8219.072
SW	 1549.537	0.149	115.096	0.170	0.265	234.102	1.788	0.339	115.382	16.275	6354.648	5.561	0.244	4.196	0.254	0.105	0.093	8398.204
SW	 1525.066	0.194	112.960	0.148	0.328	223.911	1.291	0.262	115.322	23.446	7018.182	6.073	0.202	4.412	0.248	0.097	0.102	9032.244
SW	 1527.517	0.144	114.708	0.152	0.284	223.322	1.338	0.303	115.049	18.087	7269.677	7.508	0.316	4.341	0.233	0.145	0.152	9283.276
SW	 1561.645	0.142	115.599	0.151	0.294	226.466	1.241	0.248	78.172	15.773	6503.239	6.191	0.297	4.292	0.245	0.104	0.149	8514.248
SW	 1605.434	0.179	113.428	0.154	0.272	223.513	1.194	0.339	11.879	1.597	606.734	0.765	0.296	4.402	0.249	0.103	0.149	2570.687
SW	 1529.426	0.198	114.456	0.138	0.310	223.474	1.782	0.380	116.110	15.318	6025.046	6.514	0.248	4.136	0.201	0.115	0.131	8037.983
SW	 1535.540	0.193	116.203	0.149	0.318	226.211	1.688	0.348	77.855	15.392	6147.379	6.550	0.246	4.083	0.249	0.109	0.139	8132.652
SW	 1530.515	0.152	111.395	0.147	0.317	224.370	1.257	0.306	59.841	17.271	7119.393	6.945	0.298	4.336	0.246	0.101	0.151	9077.041
SW	 1538.838	0.144	128.333	0.154	0.345	224.740	1.239	0.302	77.700	17.810	6786.028	7.737	0.251	4.259	0.248	0.097	0.098	8788.323
SW	 1559.290	0.148	112.812	0.145	0.277	235.094	1.343	0.325	1507.474	9.750	12505.430	13.336	0.202	4.768	0.299	0.097	0.098	15950.888
SW	 1526.389	0.151	113.658	0.193	0.369	222.954	1.268	0.315	1497.406	44.980	12484.719	12.228	0.298	4.345	0.251	0.145	0.153	15909.822
matrixMul	 1409.778	0.002	118.238	0.017	0.037	350.011	0.033	0.016	147.062	0.051	707.060	83.425	0.009	0.501	0.146	91.385	0.003	2907.774
matrixMul	 1537.312	0.154	113.041	0.153	0.210	217.084	0.421	0.148	2892.497	0.038	710.126	1628.324	0.238	0.837	0.244	0.092	0.103	7101.022
matrixMul	 1404.099	0.003	96.006	0.017	0.015	216.738	0.032	0.015	1342.532	0.043	18788.267	686.728	0.006	0.874	0.211	80.149	0.002	22615.737
matrixMul	 1536.904	0.148	114.597	0.148	0.183	218.290	0.360	0.111	25994.945	0.035	18792.732	14586.236	0.333	1.197	0.238	0.096	0.097	61246.650
matrixMul	 1558.478	0.153	113.496	0.153	0.199	215.933	0.432	0.104	14435.306	0.093	3547.744	8126.344	0.287	0.942	0.218	0.144	0.148	28000.174
matrixMul	 1537.965	0.194	116.889	0.204	0.183	218.283	0.449	0.109	28858.849	0.170	7096.168	16095.845	0.397	0.923	0.217	0.100	0.102	53927.047
matrixTran	 1596.966	0.302	116.195	0.101	0.292	274.677	0.279	0.575	57388.059	0.514	3984.308	62219.357	0.237	2.011	0.318	0.123	0.097	125584.411
------------------------------fireMarch17--------------------
matrixMul	 2850.686	0.002	181.892	0.020	0.015	828.521	0.025	0.013	610.519	0.235	2268.574	326.909	0.004	0.545	0.145	144.620	0.002	7212.727
matrixMul	 2854.693	0.003	185.746	0.020	0.015	231.398	0.024	0.012	613.381	0.226	2267.858	324.760	0.004	0.548	0.140	143.302	0.001	6622.131
matrixMul	 2841.811	0.002	172.351	0.014	0.010	226.004	0.026	0.013	613.461	0.242	2267.903	325.157	0.005	0.548	0.138	144.099	0.002	6591.786
matrixMul	 2847.260	0.003	181.305	0.013	0.010	226.847	0.025	0.014	2279.439	0.293	17832.240	1242.035	0.004	1.525	4.057	144.472	0.002	24759.544
matrixMul	 2843.845	0.002	176.692	0.013	0.010	228.103	0.025	0.013	2276.080	0.242	17832.012	1231.776	0.004	1.525	4.629	144.916	0.002	24739.889
matrixMul	 2841.658	0.002	183.779	0.014	0.010	229.296	0.031	0.013	2265.849	0.255	17832.212	1233.000	0.004	1.526	5.235	141.689	0.002	24734.575
matrixMul	 2850.320	0.002	185.953	0.014	0.010	227.845	0.024	0.014	2006.328	0.150	23991.250	1096.715	0.005	3.166	0.170	144.290	0.002	30506.258
matrixMul	 2854.317	0.002	186.206	0.017	0.011	229.582	0.025	0.014	1970.531	0.122	23990.062	1089.018	0.005	3.155	0.168	143.682	0.001	30466.918
matrixMul	 2840.733	0.002	185.876	0.014	0.010	229.895	0.026	0.013	1972.931	0.112	23989.852	1083.988	0.005	3.150	0.166	144.074	0.002	30450.849
matrixMul	 2847.248	0.002	179.038	0.013	0.010	228.472	0.025	0.014	3453.234	0.120	58461.921	1921.473	0.005	5.433	0.191	144.609	0.002	67241.810
matrixMul	 2853.609	0.003	189.482	0.016	0.012	235.454	0.025	0.013	3462.957	0.173	58463.440	1992.626	0.005	5.414	0.182	143.896	0.001	67347.308
matrixMul	 2847.809	0.002	176.058	0.014	0.010	228.529	0.025	0.013	3483.882	0.123	58461.468	1997.326	0.005	5.435	0.187	144.611	0.001	67345.498
matrixMul	 2845.490	0.002	178.436	0.014	0.010	229.093	0.026	0.013	2796.973	0.072	55587.182	1608.893	0.005	8.370	0.196	143.528	0.002	63398.305
matrixMul	 2853.994	0.002	182.183	0.014	0.010	228.371	0.025	0.013	2844.503	0.078	55587.703	1628.215	0.004	8.354	0.196	144.360	0.002	63478.027
matrixMul	 2842.207	0.002	183.683	0.013	0.010	229.292	0.026	0.014	2887.746	0.075	55585.088	1625.104	0.005	8.330	0.197	145.438	0.001	63507.231
matrixMul	 2847.582	0.002	190.148	0.034	0.025	239.087	0.025	0.013	4191.907	0.076	96084.878	2353.925	0.005	11.904	0.193	144.625	0.002	106064.431
matrixMul	 2846.259	0.002	178.292	0.014	0.009	229.829	0.026	0.013	4174.943	0.077	96089.421	2349.965	0.006	11.898	0.208	144.324	0.001	106025.287
matrixMul	 2846.847	0.003	187.483	0.014	0.010	230.233	0.027	0.014	4176.033	0.075	96087.145	2348.159	0.005	11.917	0.203	144.195	0.002	106032.365
matrixMul	 2914.669	0.003	183.353	0.016	0.012	234.294	0.039	0.015	1083.824	0.253	2269.594	433.195	0.005	0.576	0.148	144.853	0.002	7264.851
matrixMul	 2912.589	0.003	181.046	0.016	0.012	228.980	0.031	0.014	1083.452	0.281	2270.359	435.116	0.005	0.593	0.148	143.598	0.002	7256.245
matrixMul	 2902.853	0.003	181.897	0.016	0.012	228.821	0.038	0.014	1084.425	0.243	2269.057	431.941	0.004	0.593	0.144	144.725	0.002	7244.788
matrixMul	 2904.948	0.002	182.814	0.016	0.011	229.052	0.031	0.014	4133.853	0.255	17833.254	1569.059	0.005	1.636	2.441	143.279	0.002	27000.672
matrixMul	 2910.419	0.003	183.560	0.016	0.011	228.888	0.032	0.015	4132.807	0.301	17833.155	1579.418	0.005	1.655	3.581	144.221	0.002	27018.089
matrixMul	 2906.643	0.003	190.751	0.016	0.012	232.404	0.030	0.015	4171.089	0.263	17833.590	1581.223	0.006	1.636	5.487	144.960	0.002	27068.130
matrixMul	 2899.370	0.003	184.699	0.016	0.012	231.361	0.031	0.014	3714.495	0.185	23986.399	1399.893	0.005	3.380	0.194	143.951	0.002	32564.010
matrixMul	 2906.011	0.003	186.237	0.016	0.011	232.546	0.030	0.015	3722.760	0.125	23986.499	1387.594	0.004	3.384	0.217	143.710	0.002	32569.164
matrixMul	 2912.371	0.003	189.717	0.017	0.012	229.058	0.031	0.016	3723.179	0.119	23986.428	1399.548	0.005	3.382	0.202	144.058	0.002	32588.148
matrixMul	 2902.978	0.002	189.760	0.016	0.012	231.346	0.032	0.015	6673.280	0.127	58463.673	2468.456	0.005	5.798	0.232	146.242	0.002	71081.976
matrixMul	 2903.309	0.003	192.427	0.029	0.020	239.548	0.032	0.015	6672.244	0.130	58460.405	2468.994	0.006	5.833	0.230	139.808	0.003	71083.036
matrixMul	 2903.429	0.003	182.375	0.016	0.012	232.456	0.032	0.015	6670.807	0.133	58460.818	2468.566	0.005	5.804	0.252	145.673	0.002	71070.398
matrixMul	 2914.836	0.003	192.280	0.017	0.012	232.165	0.038	0.015	5198.396	0.085	55586.944	1924.224	0.005	8.889	0.235	142.952	0.003	66201.099
matrixMul	 2905.806	0.003	193.452	0.037	0.026	239.943	0.032	0.015	5208.941	0.097	55586.920	1922.702	0.006	8.915	0.233	144.755	0.002	66211.885
matrixMul	 2906.494	0.003	183.868	0.016	0.011	232.819	0.032	0.016	5206.865	0.084	55589.429	1935.534	0.005	8.928	0.237	144.177	0.003	66208.521
matrixMul	 2917.375	0.003	181.675	0.019	0.014	236.160	0.033	0.015	7482.644	0.090	96090.239	2765.632	0.005	12.707	0.234	143.925	0.002	109830.772
matrixMul	 2917.349	0.004	193.382	0.037	0.026	240.685	0.031	0.016	7471.633	0.084	96091.535	2784.954	0.006	12.722	0.246	145.080	0.003	109857.793
matrixMul	 2919.668	0.003	187.216	0.022	0.016	239.631	0.032	0.016	7487.642	0.086	96091.962	2910.861	0.009	12.917	0.243	113.022	0.003	109963.349
nbody	 2875.348	0.004	150.511	0.021	0.040	735.811	0.016	0.041	10.690	6.327	19097.585	9.321	0.019	0.384	0.000	0.003	0.003	22886.124
nbody	 2875.239	0.003	149.132	0.015	0.018	508.855	0.011	0.018	9.988	6.331	19095.813	9.755	0.034	0.356	0.000	0.004	0.002	22655.574
nbody	 2864.116	0.003	154.235	0.027	0.026	518.083	0.020	0.021	10.727	6.458	19103.059	9.226	0.019	0.379	0.000	0.003	0.002	22666.404
nbody	 2869.163	0.003	151.943	0.015	0.020	509.647	0.012	0.019	6.027	3.414	19450.211	5.904	0.020	0.507	0.000	0.003	0.003	22996.911
nbody	 2861.639	0.002	154.785	0.027	0.025	512.080	0.020	0.019	5.708	3.346	19458.689	6.262	0.020	0.501	0.000	0.003	0.002	23003.128
nbody	 2871.473	0.003	157.317	0.035	0.030	512.751	0.028	0.019	6.565	3.530	19461.875	5.777	0.020	0.510	0.000	0.003	0.003	23019.939
nbody	 2877.437	0.002	147.125	0.014	0.017	510.014	0.011	0.021	7.138	3.809	33007.654	7.394	0.021	0.485	0.000	0.003	0.002	36561.147
nbody	 2870.002	0.003	145.849	0.015	0.017	510.160	0.011	0.020	6.903	3.487	32997.963	7.029	0.020	0.478	0.000	0.003	0.002	36541.962
nbody	 2884.897	0.003	151.649	0.021	0.022	539.756	0.018	0.021	8.048	3.570	33002.623	8.043	0.021	0.489	0.000	0.003	0.002	36599.186
nbody	 2870.207	0.003	148.596	0.015	0.018	512.430	0.012	0.024	8.044	4.149	50153.709	7.966	0.023	0.734	0.000	0.003	0.002	53705.935
nbody	 2921.145	0.003	156.589	0.014	0.017	788.819	0.011	0.021	8.275	3.837	50152.634	9.066	0.021	0.739	0.000	0.003	0.002	54041.196
nbody	 2877.857	0.003	158.724	0.014	0.020	526.194	0.011	0.022	8.897	3.971	50192.858	9.827	0.020	0.759	0.000	0.003	0.003	53779.183
nbody	 2875.881	0.003	150.008	0.015	0.019	523.479	0.011	0.020	13.337	3.591	56706.721	7.656	0.021	0.714	0.000	0.003	0.003	60281.482
nbody	 2916.030	0.003	202.466	0.017	0.021	755.036	0.017	0.020	9.377	3.401	56679.103	7.396	0.021	0.732	0.000	0.004	0.002	60573.646
nbody	 2853.235	0.003	189.155	0.023	0.022	746.172	0.019	0.020	14.084	3.338	56666.835	8.020	0.022	0.725	0.000	0.003	0.002	60481.678
nbody	 2853.918	0.003	183.180	0.017	0.019	523.215	0.016	0.018	5.871	1.838	38126.385	5.927	0.022	0.730	0.000	0.111	0.003	41701.273
nbody	 2906.077	0.003	182.756	0.014	0.016	781.446	0.013	0.020	7.299	1.161	38069.060	4.441	0.021	0.733	0.000	0.111	0.003	41953.174
nbody	 2864.877	0.002	185.641	0.014	0.016	506.601	0.013	0.020	4.273	1.619	38097.447	4.337	0.021	0.731	0.000	0.111	0.003	41665.726
nbody	 2910.768	0.004	193.497	0.017	0.022	1027.049	0.010	0.029	14.776	5.460	19138.662	11.350	0.021	0.379	0.000	0.003	0.002	23302.049
nbody	 2923.033	0.004	199.548	0.017	0.019	523.040	0.022	0.026	14.460	5.334	19107.697	11.254	0.020	0.374	0.000	0.003	0.003	22784.854
nbody	 2924.858	0.004	194.324	0.017	0.020	524.897	0.010	0.022	14.921	5.867	19166.705	11.088	0.020	0.396	0.000	0.004	0.002	22843.155
nbody	 2925.279	0.004	192.940	0.017	0.021	1022.129	0.015	0.023	9.035	2.991	19474.210	6.955	0.022	0.530	0.000	0.003	0.002	23634.176
nbody	 2924.072	0.004	186.135	0.017	0.021	524.705	0.013	0.022	8.975	2.607	19452.416	7.337	0.021	0.534	0.000	0.003	0.002	23106.884
nbody	 2921.029	0.004	199.023	0.018	0.021	560.766	0.011	0.026	8.365	3.256	19473.618	7.672	0.024	0.535	0.000	0.004	0.003	23174.375
nbody	 3383.302	0.004	191.405	0.017	0.021	529.169	0.012	0.027	11.096	3.283	33063.206	9.141	0.021	0.500	0.000	0.004	0.003	37191.211
nbody	 2924.748	0.004	198.691	0.034	0.027	536.090	0.029	0.023	10.993	3.076	33034.632	8.159	0.022	0.527	0.000	0.004	0.003	36717.062
nbody	 2918.637	0.010	192.348	0.017	0.022	523.112	0.013	0.025	11.381	3.071	33053.244	8.956	0.021	0.504	0.000	0.004	0.003	36711.368
nbody	 2914.233	0.003	187.055	0.016	0.025	1381.012	0.014	0.028	12.281	3.226	50214.138	9.762	0.022	0.779	0.000	0.004	0.003	54722.601
nbody	 3404.369	0.004	186.074	0.017	0.022	524.223	0.014	0.029	12.544	3.042	50208.954	9.472	0.022	0.779	0.000	0.003	0.003	54349.571
nbody	 2918.513	0.003	196.663	0.020	0.023	891.556	0.015	0.025	12.774	2.976	50192.212	10.022	0.045	0.756	0.000	0.003	0.003	54225.609
nbody	 2933.037	0.003	202.998	0.020	0.023	977.305	0.017	0.026	11.109	2.656	56642.814	8.083	0.021	0.772	0.000	0.004	0.002	60778.890
nbody	 2923.770	0.004	190.260	0.018	0.020	1492.124	0.014	0.026	11.217	2.506	56624.487	8.127	0.023	0.767	0.000	0.003	0.003	61253.369
nbody	 3590.563	0.004	200.504	0.020	0.025	532.735	0.016	0.022	11.328	2.479	56643.533	7.946	0.022	0.763	0.000	0.003	0.002	60989.965
nbody	 2923.136	0.004	205.041	0.030	0.035	977.910	0.038	0.028	6.569	1.428	38082.157	5.691	0.024	0.478	0.000	0.056	0.002	42202.627
nbody	 4195.629	0.005	279.549	0.032	0.045	1506.812	0.023	0.053	7.077	1.146	38068.413	5.425	0.020	0.766	0.000	0.004	0.002	44065.001
nbody	 2909.532	0.004	190.541	0.016	0.020	510.746	0.013	0.041	6.694	1.018	38067.545	5.534	0.019	0.752	0.000	0.003	0.002	41692.480
SW	 2852.688	0.002	184.721	0.020	0.015	638.567	0.043	0.038	105.806	13.882	3534.743	8.860	0.005	11.536	0.164	0.002	144.583	7495.675
SW	 2838.476	0.002	189.126	0.016	0.012	241.080	0.017	0.015	101.292	14.501	3584.442	8.936	0.005	11.585	0.173	0.001	144.975	7134.654
SW	 2847.870	0.003	178.023	0.013	0.010	235.516	0.016	0.015	100.703	13.520	3587.042	8.919	0.004	11.508	0.158	0.001	145.652	7128.973
SW	 2843.966	0.002	178.671	0.014	0.010	235.555	0.042	0.037	262.876	28.780	6904.320	8.880	0.005	11.490	0.160	0.002	145.199	10620.009
SW	 2841.637	0.002	186.480	0.014	0.011	235.095	0.025	0.015	247.735	30.718	6832.798	8.991	0.004	11.497	0.171	0.001	146.481	10541.675
SW	 2851.860	0.003	184.750	0.013	0.009	234.738	0.017	0.015	254.959	26.336	9090.797	8.564	0.004	11.563	0.165	0.001	145.697	12809.491
SW	 2847.171	0.002	190.827	0.014	0.010	235.212	0.031	0.028	525.152	44.923	10470.619	9.128	0.005	11.487	0.162	0.001	144.639	14479.411
SW	 2845.775	0.003	178.472	0.014	0.010	236.463	0.017	0.015	517.863	39.110	10346.110	9.562	0.004	11.502	0.162	0.001	145.165	14330.248
SW	 2851.833	0.002	181.888	0.013	0.010	235.394	0.016	0.026	529.077	43.411	11465.606	7.114	0.005	11.472	0.169	0.001	147.873	15473.910
SW	 3224.815	0.003	190.697	0.016	0.011	247.537	0.044	0.037	897.058	52.381	13918.176	10.352	0.004	11.533	0.163	0.001	144.239	18697.067
SW	 2844.181	0.002	186.267	0.016	0.012	238.699	0.016	0.015	881.625	55.213	13962.780	9.395	0.004	11.512	0.161	0.001	145.510	18335.409
SW	 2845.055	0.002	189.429	0.013	0.010	238.753	0.015	0.014	888.690	52.131	14044.231	7.984	0.004	11.519	0.160	0.001	146.549	18424.560
SW	 2849.305	0.002	186.881	0.020	0.014	240.286	0.042	0.038	1363.145	72.356	18228.879	10.305	0.005	11.492	0.165	0.001	146.140	23109.076
SW	 2844.982	0.002	184.409	0.013	0.010	239.378	0.017	0.014	1369.008	84.508	19423.769	9.699	0.005	11.545	0.166	0.002	145.412	24312.939
SW	 2845.648	0.003	192.133	0.016	0.012	239.103	0.015	0.015	1370.193	80.945	18318.446	9.800	0.005	11.512	0.174	0.002	146.996	23215.018
SW	 2848.171	0.002	187.599	0.026	0.019	241.663	0.043	0.037	1938.846	87.889	21561.528	12.203	0.004	11.533	0.162	0.002	146.430	27036.157
SW	 2854.413	0.002	188.701	0.017	0.012	237.502	0.017	0.015	1932.788	89.315	21100.766	8.948	0.004	11.501	0.173	0.001	144.154	26568.329
SW	 2851.179	0.002	188.426	0.016	0.012	241.388	0.025	0.022	1988.922	102.359	23284.756	11.142	0.004	11.497	0.162	0.001	146.048	28825.961
SW	 2906.286	0.003	189.227	0.023	0.017	245.990	0.017	0.016	181.751	14.711	5007.980	12.674	0.004	12.262	0.167	0.001	147.138	8718.267
SW	 2913.507	0.003	200.321	0.036	0.027	246.842	0.017	0.017	177.595	13.810	4983.300	12.600	0.005	12.300	0.173	0.001	146.444	8706.998
SW	 2899.845	0.003	195.516	0.028	0.020	249.838	0.017	0.018	179.174	15.415	4544.581	12.553	0.005	12.298	0.168	0.002	144.837	8254.318
SW	 2912.240	0.003	192.951	0.019	0.014	246.933	0.018	0.016	563.392	30.912	9851.995	12.586	0.004	12.235	0.169	0.002	141.401	13964.890
SW	 2901.483	0.003	180.768	0.016	0.012	237.376	0.017	0.017	440.205	29.239	9544.358	12.616	0.004	12.258	0.170	0.002	144.971	13503.515
SW	 2903.889	0.002	186.553	0.019	0.013	240.823	0.017	0.017	439.870	30.596	9671.744	12.697	0.004	12.252	0.170	0.001	146.092	13644.759
SW	 2898.410	0.003	182.731	0.017	0.012	237.594	0.016	0.017	930.845	39.266	14781.798	13.021	0.005	12.258	0.169	0.002	142.738	19238.902
SW	 2902.924	0.003	189.719	0.022	0.013	239.585	0.025	0.024	937.884	39.338	14715.643	11.651	0.005	12.266	0.170	0.002	145.991	19195.265
SW	 2905.749	0.003	189.155	0.016	0.012	241.598	0.019	0.017	923.171	42.963	12040.168	10.464	0.005	12.577	0.175	0.002	114.657	16480.751
SW	 2925.641	0.003	157.579	0.016	0.014	242.372	0.018	0.021	1622.362	51.845	16061.993	10.707	0.006	12.424	0.180	0.002	115.608	21200.791
SW	 2920.619	0.003	160.599	0.016	0.012	242.179	0.026	0.024	1630.773	59.788	16185.068	10.472	0.006	12.537	0.175	0.002	115.332	21337.631
SW	 2918.576	0.003	161.509	0.017	0.011	239.076	0.017	0.018	1622.801	61.519	16254.997	10.656	0.006	12.465	0.179	0.002	114.377	21396.229
SW	 2914.676	0.003	160.518	0.017	0.015	239.451	0.017	0.019	2510.943	69.558	20207.322	11.057	0.006	12.554	0.179	0.001	115.207	26241.543
SW	 2923.885	0.003	153.420	0.016	0.012	241.651	0.022	0.021	2515.907	69.314	20195.971	11.150	0.010	12.575	0.176	0.002	114.814	26238.949
SW	 2908.699	0.003	169.370	0.023	0.016	249.252	0.018	0.016	2508.491	74.645	20178.540	11.220	0.006	12.510	0.177	0.002	114.862	26227.850
SW	 2921.234	0.003	164.386	0.022	0.017	246.483	0.021	0.020	3602.889	91.631	24176.476	11.329	0.006	12.419	0.181	0.002	115.628	31342.747
SW	 2915.558	0.002	162.789	0.028	0.020	247.122	0.017	0.018	3617.400	86.770	25376.389	53.010	0.007	12.505	0.178	0.002	137.314	32609.129
SW	 3188.091	0.003	228.034	0.024	0.011	353.110	0.025	0.018	4029.716	76.951	26184.210	13.593	0.006	12.267	0.169	0.002	139.236	34225.466
matrixTran	 2850.707	0.003	185.536	0.018	0.015	280.460	0.068	0.073	1248.186	1.452	334.763	1479.560	0.005	0.557	16.927	0.050	134.394	6532.774
matrixTran	 2850.213	0.002	184.881	0.013	0.011	239.112	0.054	0.057	1210.068	1.508	355.454	1450.268	0.005	0.551	9.318	0.049	143.377	6444.941
matrixTran	 2844.481	0.002	185.783	0.018	0.011	234.822	0.057	0.067	1197.461	1.717	346.926	1455.949	0.006	0.561	1.527	0.049	143.565	6413.002
matrixTran	 2854.521	0.003	183.526	0.034	0.016	239.394	0.043	0.044	2453.709	0.925	376.105	2728.100	0.006	1.212	0.285	0.047	146.285	8984.255
matrixTran	 2857.072	0.002	175.893	0.013	0.015	235.469	0.045	0.043	2490.970	0.806	376.965	2726.748	0.006	1.226	0.292	0.048	146.882	9012.495
matrixTran	 2851.990	0.003	181.033	0.013	0.014	237.048	0.045	0.045	2493.140	0.849	369.650	2725.384	0.007	1.238	0.281	0.062	145.792	9006.594
matrixTran	 2858.857	0.002	179.118	0.013	0.014	235.046	0.040	0.039	4111.904	0.700	708.579	4637.809	0.006	2.305	0.315	0.052	147.331	12882.130
matrixTran	 2860.790	0.002	180.988	0.013	0.015	234.822	0.041	0.038	4120.459	0.715	721.797	4561.916	0.005	2.311	0.295	0.047	144.430	12828.684
matrixTran	 2859.232	0.003	182.294	0.013	0.014	235.083	0.041	0.039	4110.563	0.623	709.267	4479.653	0.005	2.305	0.280	0.048	145.925	12725.388
matrixTran	 2848.929	0.002	194.264	0.038	0.014	235.946	0.039	0.033	4722.360	0.423	551.321	5057.264	0.005	3.802	0.275	0.048	144.124	13758.887
matrixTran	 2844.492	0.003	189.548	0.020	0.014	234.343	0.036	0.032	4723.220	0.383	545.434	5051.100	0.005	3.803	0.302	0.049	144.080	13736.864
matrixTran	 2848.497	0.003	183.783	0.015	0.014	235.414	0.037	0.033	4706.473	0.421	548.407	5068.793	0.005	3.813	0.291	0.048	146.044	13742.091
matrixTran	 2845.161	0.002	186.833	0.013	0.014	238.352	0.038	0.033	7334.753	0.395	993.891	7994.240	0.007	5.778	0.300	0.048	146.325	19746.183
matrixTran	 3156.334	0.003	191.541	0.020	0.014	237.294	0.037	0.033	9224.499	0.404	995.574	8267.935	0.005	5.785	0.292	0.050	145.359	22225.179
matrixTran	 2850.805	0.003	179.441	0.015	0.014	234.484	0.031	0.028	7290.588	0.389	995.542	8188.703	0.005	5.750	0.296	0.048	146.057	19892.199
matrixTran	 2857.192	0.003	180.479	0.013	0.014	234.790	0.034	0.026	10549.340	0.379	1677.516	11797.076	0.005	8.102	0.302	0.048	146.467	27451.786
matrixTran	 2846.048	0.003	188.738	0.013	0.014	237.882	0.031	0.026	10470.424	0.430	1677.410	11746.201	0.005	8.111	0.291	0.049	145.242	27320.918
matrixTran	 2848.940	0.003	190.640	0.016	0.014	236.853	0.034	0.029	10472.023	0.410	1679.173	11734.611	0.005	8.171	0.305	0.048	147.734	27319.009
matrixTran	 2914.546	0.004	198.249	0.031	0.014	239.310	0.054	0.061	2111.327	1.801	366.424	1945.561	0.006	0.593	11.987	0.051	143.521	7933.540
matrixTran	 2900.746	0.002	183.188	0.016	0.013	238.242	0.044	0.048	2082.552	1.626	367.851	1948.920	0.005	0.589	0.323	0.052	145.324	7869.541
matrixTran	 2901.702	0.003	192.910	0.015	0.014	237.875	0.044	0.047	2075.555	1.651	367.177	1946.210	0.005	0.574	0.310	0.051	142.382	7866.525
matrixTran	 2910.585	0.002	187.879	0.036	0.017	238.689	0.037	0.033	4247.950	0.849	399.983	3277.641	0.005	1.277	0.332	0.051	145.950	11411.316
matrixTran	 2909.549	0.003	194.260	0.022	0.017	236.905	0.037	0.035	4247.835	0.842	397.784	3271.225	0.006	1.290	0.332	0.057	147.785	11407.984
matrixTran	 2900.929	0.004	199.278	0.015	0.017	237.524	0.039	0.037	4247.269	0.841	397.913	3275.887	0.005	1.290	0.333	0.056	145.519	11406.956
matrixTran	 2916.661	0.003	188.082	0.018	0.018	239.905	0.036	0.032	7043.173	0.623	716.065	5330.926	0.005	2.429	0.342	0.051	147.943	16586.312
matrixTran	 2915.070	0.003	196.722	0.028	0.017	237.816	0.036	0.030	7036.542	0.533	710.881	5320.313	0.006	2.442	0.346	0.051	140.463	16561.299
matrixTran	 2911.151	0.003	195.297	0.022	0.054	237.200	0.035	0.030	7025.493	0.659	715.404	5338.510	0.005	2.444	0.345	0.051	140.242	16566.945
matrixTran	 2907.285	0.003	195.274	0.021	0.017	238.135	0.034	0.028	8277.199	0.426	559.756	6255.497	0.006	4.061	0.343	0.052	145.538	18583.675
matrixTran	 2910.259	0.004	194.663	0.018	0.017	239.404	0.034	0.027	8207.279	0.422	556.503	6268.973	0.005	4.044	0.350	0.052	146.285	18528.339
matrixTran	 2906.568	0.003	202.369	0.035	0.017	237.934	0.033	0.027	8201.614	0.432	554.907	6280.472	0.005	4.066	0.344	0.051	147.099	18535.976
matrixTran	 2910.979	0.003	186.858	0.015	0.018	237.404	0.033	0.028	12759.944	0.440	1000.894	9728.703	0.006	6.138	0.342	0.051	146.151	26978.007
matrixTran	 2909.911	0.004	195.535	0.018	0.017	239.681	0.034	0.029	12674.928	0.413	1000.058	9719.836	0.005	6.140	0.342	0.051	145.401	26892.403
matrixTran	 2912.470	0.003	194.920	0.027	0.018	237.000	0.036	0.030	13002.456	0.430	1001.196	9757.333	0.006	6.122	0.352	0.052	145.478	27257.929
matrixTran	 2911.539	0.003	190.653	0.015	0.017	238.909	0.034	0.027	18799.149	0.421	1681.740	13991.526	0.006	8.663	0.347	0.051	144.440	37967.540
matrixTran	 2915.206	0.003	186.312	0.021	0.017	238.490	0.036	0.029	18812.414	0.421	1681.776	13992.220	0.005	8.671	0.341	0.052	147.463	37983.477
matrixTran	 2915.816	0.004	187.885	0.018	0.017	239.713	0.036	0.029	18747.413	0.422	1680.132	13992.001	0.005	8.674	0.345	0.051	145.690	37918.251
------------------------------March318Remote----------------------
matrixMul	 4112.444	0.037	201.944	0.036	0.100	235.845	0.074	0.034	2342.688	0.045	2274.004	1540.855	0.029	0.588	0.137	0.009	0.000	10708.869
matrixMul	 3572.802	0.037	183.325	0.040	0.095	227.044	0.073	0.043	2300.016	0.045	2273.056	1525.860	0.028	0.592	0.139	0.011	0.000	10083.206
matrixMul	 3555.181	0.039	178.621	0.036	0.092	225.027	0.073	0.034	2334.030	0.050	2273.734	1546.581	0.027	0.596	0.133	0.010	0.000	10114.264
matrixMul	 3552.935	0.038	179.182	0.036	0.091	224.812	0.075	0.034	8738.655	0.047	17844.716	6156.378	0.029	1.575	0.140	0.009	0.000	36698.752
matrixMul	 3569.160	0.037	186.216	0.036	0.127	232.601	0.076	0.035	8993.992	0.039	17839.522	6147.041	0.031	1.592	0.143	0.008	0.000	36970.656
matrixMul	 3557.458	0.038	189.533	0.040	0.096	226.544	0.077	0.034	8682.550	0.046	17839.807	6477.406	0.104	2.254	0.387	0.011	0.000	36976.385
matrixMul	 4527.087	0.050	282.487	0.084	0.121	429.619	0.302	0.106	12290.137	0.026	23993.193	10071.480	0.055	3.932	0.540	0.023	0.000	51599.242
matrixMul	 4275.957	0.155	286.599	0.072	0.224	498.065	0.112	0.037	13264.887	0.021	23992.998	12291.044	0.089	7.506	0.505	0.075	0.000	54618.346
matrixMul	 4545.877	0.071	278.492	0.124	0.242	444.962	0.405	0.071	16315.509	0.033	23993.341	11064.083	0.146	7.411	0.688	0.022	0.000	56651.477
matrixMul	 3682.843	0.043	222.911	0.045	0.096	371.671	0.128	0.039	21874.426	0.022	58468.590	13921.541	0.036	5.674	0.172	0.011	0.000	98548.248
matrixMul	 4858.585	0.045	180.335	0.040	0.098	458.399	0.125	0.039	21068.603	0.023	58466.902	13596.289	0.035	5.545	0.168	0.011	0.000	98635.242
matrixMul	 4036.123	0.038	207.783	0.037	0.093	712.066	0.115	0.038	34500.831	0.026	58465.930	13390.077	0.036	5.478	0.172	0.010	0.000	111318.853
matrixMul	 3862.591	0.043	194.369	0.072	0.113	258.177	0.095	0.036	14711.944	0.022	55589.678	11018.479	0.039	8.401	0.171	0.011	0.000	85644.241
matrixMul	 4142.201	0.036	206.862	0.036	0.133	282.090	0.092	0.037	14671.068	0.023	55588.612	9804.366	0.035	8.372	0.166	0.009	0.000	84704.138
matrixMul	 3577.861	0.038	180.702	0.037	0.094	230.628	0.090	0.037	10600.289	0.021	55588.590	11400.782	0.034	8.415	0.167	0.010	0.000	81587.795
matrixMul	 4361.262	0.037	178.483	0.036	0.097	350.419	0.116	0.038	150365.740	0.018	96253.393	15885.426	0.033	11.973	0.180	0.009	0.000	267407.260
matrixMul	 5119.029	0.036	291.425	0.036	0.096	937.623	0.113	0.037	102629.686	0.024	96089.592	15119.132	2.580	12.050	0.196	0.010	0.000	220201.665
matrixMul	 4918.013	0.065	194.821	0.039	0.104	1385.570	0.112	0.038	50818.420	0.022	96090.244	14387.865	0.036	11.955	0.294	0.011	0.000	167807.609
nbody	 16279.491	0.285	185.985	0.043	0.124	15845.296	0.046	0.072	43.871	1.609	38373.653	24.702	0.053	0.399	0.000	0.014	0.011	70755.654
nbody	 3879.025	0.292	186.460	0.045	0.134	508.285	0.041	0.060	49.829	1.428	38487.434	24.525	0.042	0.411	0.000	0.013	0.011	43138.035
nbody	 3585.623	0.309	177.741	0.034	0.115	515.154	0.038	0.068	44.430	1.387	38481.444	24.153	0.042	0.413	0.000	0.013	0.011	42830.975
nbody	 3617.454	0.434	190.054	0.035	0.124	524.482	0.043	0.067	45.977	1.199	58709.882	24.785	0.053	0.524	0.000	0.015	0.012	63115.140
nbody	 4010.851	0.413	186.011	0.051	0.133	1504.774	0.054	0.080	44.028	1.093	58753.502	21.841	0.046	0.544	0.000	0.013	0.012	64523.446
nbody	 4230.051	0.324	178.299	0.038	0.144	543.077	0.069	0.067	54.640	1.133	58716.359	25.474	0.047	0.525	0.000	0.015	0.011	63750.273
nbody	 5460.798	0.283	204.486	0.034	0.121	539.738	0.040	0.067	35.106	0.837	66276.738	16.944	0.044	0.524	0.000	0.015	0.011	72535.786
nbody	 3598.699	0.311	184.438	0.035	0.115	526.509	0.040	0.067	37.290	0.781	66276.384	16.933	0.051	0.543	0.000	0.027	0.011	70642.234
nbody	 3934.551	0.340	191.250	0.063	0.140	827.362	0.068	0.070	33.226	0.758	66287.208	17.610	0.050	0.536	0.000	0.013	0.011	71293.256
nbody	 5855.660	0.293	191.048	0.044	0.274	525.900	0.043	0.062	42.431	0.813	100583.265	18.946	0.047	0.788	0.000	0.013	0.011	107219.638
nbody	 4077.465	0.311	191.108	0.044	0.149	1508.717	0.051	0.081	40.752	0.790	100594.946	20.735	0.051	0.795	0.000	0.012	0.014	106436.021
nbody	 7124.442	0.418	196.513	0.060	0.123	829.419	0.050	0.061	42.100	0.775	100573.806	15.534	0.036	0.393	0.000	0.009	0.007	108783.746
nbody	 3884.472	0.332	181.228	0.043	0.111	1079.193	0.040	0.070	250.578	0.805	141531.010	25.526	0.048	0.780	0.000	0.013	0.011	146954.260
nbody	 3672.978	0.308	186.526	0.036	0.129	505.432	0.061	0.068	42.915	0.701	141525.333	22.305	0.042	0.782	0.000	0.014	0.011	145957.641
nbody	 3584.140	0.324	181.123	0.034	0.108	503.413	0.041	0.066	42.200	0.737	141539.564	22.355	0.043	0.780	0.000	0.014	0.011	145874.953
nbody	 4002.391	0.301	192.161	0.067	0.142	511.458	0.073	0.069	47.899	0.746	190078.637	27.343	0.044	0.777	0.000	0.014	0.011	194862.133
nbody	 4202.258	0.302	179.175	0.034	0.108	496.751	0.046	0.064	47.088	0.793	190058.430	28.702	0.047	0.771	0.000	0.015	0.012	195014.596
nbody	 3572.482	0.299	179.243	0.034	0.122	500.081	0.043	0.061	47.151	0.714	190058.164	24.553	0.048	0.764	0.000	0.014	0.011	194383.784
SW	 3597.058	0.037	178.686	0.034	0.097	414.249	0.133	0.096	53.389	12.490	4112.479	9.115	0.017	11.569	0.165	0.008	0.000	8389.622
SW	 3551.251	0.037	182.698	0.038	0.139	235.210	0.085	0.062	50.812	12.099	4189.719	9.132	0.017	11.601	0.173	0.008	0.000	8243.081
SW	 3562.042	0.038	180.856	0.035	0.103	235.329	0.084	0.056	51.548	11.814	4147.223	9.162	0.016	11.587	0.172	0.007	0.000	8210.072
SW	 3773.996	0.038	187.103	0.055	0.108	239.955	0.079	0.058	907.135	24.045	8276.268	10.165	0.022	31.703	0.170	0.007	0.000	13450.907
SW	 3555.248	0.038	184.733	0.035	0.137	238.294	0.080	0.055	944.953	24.694	8274.800	9.548	0.020	28.165	0.168	0.007	0.000	13260.975
SW	 3551.584	0.038	184.550	0.035	0.093	235.246	0.077	0.057	946.154	23.108	8282.189	10.373	0.019	31.864	0.168	0.007	0.000	13265.562
SW	 3564.217	0.038	191.470	0.068	0.117	241.247	0.096	0.069	2029.651	35.882	12366.935	9.937	0.020	25.992	0.181	0.007	0.000	18465.927
SW	 3543.463	0.039	183.707	0.035	0.095	233.807	0.086	0.070	2026.183	33.703	12354.140	10.017	0.020	25.176	0.169	0.007	0.000	18410.717
SW	 3558.980	0.037	189.164	0.035	0.102	241.235	0.088	0.062	1974.175	36.579	12456.251	11.375	0.020	34.019	0.170	0.007	0.000	18502.299
SW	 4075.965	0.036	190.658	0.034	0.097	234.921	0.078	0.058	681.938	45.624	16520.451	11.565	0.020	54.513	0.190	0.008	0.000	21816.156
SW	 3559.307	0.036	191.653	0.067	0.118	236.475	0.079	0.059	676.278	50.093	16486.724	12.440	0.021	37.185	0.172	0.008	0.000	21250.715
SW	 4160.758	0.038	181.149	0.045	0.105	239.043	0.109	0.082	652.332	47.713	16572.340	9.859	0.020	45.084	0.170	0.008	0.000	21908.855
SW	 3574.333	0.038	185.986	0.035	0.096	235.810	0.080	0.058	929.172	60.706	20664.783	16.463	0.020	62.996	0.171	0.008	0.000	25730.755
SW	 3572.066	0.037	182.709	0.039	0.124	239.026	0.096	0.070	896.246	56.215	20639.567	12.687	0.020	70.011	0.184	0.008	0.000	25669.105
SW	 3866.017	0.037	180.349	0.034	0.097	232.462	0.079	0.057	865.709	56.244	20651.554	11.689	0.021	67.992	0.171	0.007	0.000	25932.519
SW	 3572.221	0.037	181.666	0.034	0.096	235.409	0.132	0.082	1069.729	68.908	25371.902	16.652	0.021	82.265	0.177	0.010	0.000	30599.341
SW	 3565.756	0.036	179.801	0.035	0.098	233.351	0.078	0.063	1088.748	69.129	25103.095	12.789	0.021	80.607	0.187	0.008	0.000	30333.802
SW	 3576.343	0.038	193.671	0.045	0.102	241.908	0.120	0.081	1096.011	73.472	24901.251	16.390	0.021	67.841	0.170	0.011	0.000	30167.475
matrixTran	 3611.735	0.387	192.007	0.045	0.094	237.839	0.079	0.048	2407.675	0.107	197.140	3175.869	0.020	0.663	0.253	0.010	0.000	9823.971
matrixTran	 3567.300	0.417	187.201	0.022	0.094	233.546	0.063	0.040	2405.697	0.098	195.529	3166.439	0.020	0.657	0.250	0.009	0.000	9757.382
matrixTran	 3561.691	0.428	186.455	0.035	0.094	230.328	0.061	0.039	2355.154	0.121	192.170	3141.946	0.020	0.673	0.249	0.011	0.000	9669.475
matrixTran	 3570.610	0.397	183.848	0.021	0.092	232.555	0.060	0.040	4432.842	0.071	194.184	6162.069	0.020	1.312	0.258	0.009	0.000	14778.388
matrixTran	 3572.485	0.406	191.578	0.022	0.094	231.622	0.062	0.044	4372.701	0.055	194.202	6130.726	0.021	1.311	0.257	0.008	0.000	14695.594
matrixTran	 3548.325	0.401	169.172	0.022	0.091	232.402	0.062	0.042	4322.875	0.057	200.891	6101.201	0.021	1.298	0.261	0.010	0.000	14577.131
matrixTran	 3576.888	0.425	182.030	0.022	0.095	233.029	0.067	0.046	8691.749	0.051	486.624	13902.508	0.021	2.391	0.258	0.009	0.000	27076.213
matrixTran	 3578.045	0.392	188.668	0.022	0.091	231.758	0.067	0.041	8706.246	0.064	487.074	13904.005	0.022	2.400	0.258	0.009	0.000	27099.162
matrixTran	 3568.661	0.398	183.103	0.025	0.093	233.901	0.061	0.040	8715.418	0.062	486.836	13924.393	0.022	2.407	0.262	0.010	0.000	27115.692
matrixTran	 3761.499	0.438	181.394	0.022	0.117	233.328	0.062	0.039	11997.623	0.048	456.175	20481.569	0.021	3.892	0.264	0.010	0.000	37116.501
matrixTran	 3565.478	0.431	181.577	0.031	0.099	232.867	0.066	0.041	11987.405	0.057	456.490	20319.072	0.021	3.898	0.256	0.009	0.000	36747.798
matrixTran	 3577.573	0.428	179.940	0.022	0.117	232.153	0.081	0.038	12187.346	0.054	456.313	20482.313	0.020	3.902	0.263	0.009	0.000	37120.572
matrixTran	 3824.416	0.406	179.698	0.022	0.095	232.378	0.072	0.045	19273.965	0.052	802.693	34377.434	0.022	5.857	0.258	0.011	0.000	58697.424
matrixTran	 3814.555	0.396	178.614	0.022	0.092	235.112	0.062	0.039	19122.937	0.063	804.341	34363.108	0.021	5.852	0.265	0.010	0.000	58525.489
matrixTran	 3605.536	0.428	184.807	0.022	0.096	232.807	0.062	0.040	19044.400	0.054	807.901	34312.517	0.021	5.875	0.265	0.009	0.000	58194.840
matrixTran	 3594.261	0.429	187.549	0.024	0.095	234.515	0.062	0.039	28523.222	0.060	1354.158	51566.377	0.022	8.240	0.269	0.009	0.000	85469.331
matrixTran	 3582.363	0.397	184.662	0.022	0.098	236.481	0.066	0.046	28618.362	0.070	1353.679	51787.436	0.022	8.214	0.263	0.010	0.000	85772.191
matrixTran	 3586.484	0.399	183.675	0.024	0.094	234.501	0.062	0.039	28325.587	0.060	1354.149	51484.831	0.023	8.223	0.261	0.009	0.000	85178.421
----------------------March18Afternoon-----------------------
